32 12.5832  17.543 26.8744
33 13.2483 17.7629 27.8739
34 13.1651 18.5537 28.5206
35 12.1171 18.5177 28.5858
36 11.1253 17.5054 28.0885
37 11.1637 16.9288 27.8766
38 10.8708 17.9069 27.3546
39 11.6041 18.1889 28.5668
40 12.2529 18.8516 29.2293
41 11.4411 18.8915  28.928
42 10.6826 17.6588 28.5789
43 11.5733 16.9742 28.4428
44 11.1686 17.7561  28.275
45  11.141 17.4461 29.0401
46 11.6432  17.248 28.8658
47 13.2404 17.0998 29.3044
48 12.4343 17.1469 29.0256
49 10.4945 16.5549  27.894
50 11.6489 14.1995 27.1922
51 13.2544 13.8315  26.446
52 8.85859 16.0069 26.8402
53 8.07501 15.4348 27.4652
54 4.70692 16.8501 26.4363
55 5.43253 15.0407 26.2198
56  4.4764 12.6505 25.1174
57 5.31042 13.1506 22.5138
58 3.28155 12.9745 23.0378
59  3.7222 11.2712 19.4371
60 4.68964 8.16867 15.6675
61 18.5039 15.4071 36.2711
62  91.838 35.6639 68.0512
63 16.6089 56.5321 32.4014
64 -16.6956    64.83  10.2353
