21    7.66926 0.351607  55.2905        177.261 -5.79282 -179.529
22    7.93545 0.526233  55.1607        177.208 -5.39229  179.901
23   7.73678 1.54571 54.9464        176.919 -4.36233  178.847
24   8.85531 2.29316 54.7986        177.212 -4.85588  178.386
25   8.54785 2.97246 54.7352        177.728 -4.07376  177.964
26   8.65109 3.20487 54.6932        177.858 -4.15492  178.145
27   8.44438 2.24287 54.8963        177.728 -3.94027  177.983
28   8.65173 2.03847 54.8437        177.613 -4.17346  178.544
29    8.62973 0.990559  54.8885        176.942 -4.02989  178.544
30     8.9097 0.575069  54.8464       176.367 -4.1189 178.598
31      8.73116 -0.0932967    54.8878        176.087 -3.82468  178.032
32     9.01257 -0.469497   54.8195        176.052 -4.41435  177.923
33     9.06921 -0.347469   54.5309        175.779 -4.42927  178.368
34   9.13195 -1.0937 54.6734         175.83 -4.47675  178.034
35     9.20976 -0.464967   54.4071        175.722 -4.47572   179.11
36    9.64389 -1.18094  54.5348        175.884 -4.97683  178.502
37    9.08984 -1.24084  54.4655        176.015 -4.59912  178.708
38    9.33505 -1.81477  54.5997        175.956 -5.05749  178.489
39    9.31113 -1.21015  54.3923        175.801 -5.04662  179.195
40    9.28601 -1.99764  54.5989        176.079 -5.09492  178.483
41    8.98767 -1.29052  54.4141        176.298 -4.98428  179.513
42    9.2766 -1.6932 54.3698       176.477 -5.6813 178.961
43    9.30057 -2.16013  54.2675        176.451 -6.01776  178.776
44    9.36547 -3.06994  54.3813        176.806 -6.24643  178.352
45    9.07218 -2.14146  54.2959        177.048 -6.08706  179.505
46    9.81057 -2.98832  54.5557        177.553 -6.56657   178.62
47    9.67436 -2.68726  54.7731         178.36 -5.81705  178.987
48    9.91278 -3.02719    54.89        178.805 -5.89658  178.512
49    9.04068 -3.67123  54.8133         179.14 -5.09352  177.804
50    9.07116 -4.21138  54.5871        179.222 -5.39931  177.636
51    8.80903 -4.43792  54.2582        178.987 -5.25516  178.017
52     9.3519 -4.75515  54.1058        178.819 -5.32389  178.092
53    8.69176 -4.70083   54.011        178.711 -4.50272    178.3
54    9.40444 -4.89249  53.9125        178.598 -5.27409  178.246
55    9.09226 -5.25727  53.7517        178.571 -4.94885  178.398
56    9.57987 -5.57949  53.7695        178.89 -5.4023 178.509
57    9.14366 -5.65876  53.6903        179.241 -4.71476  178.863
58    9.24122 -6.14029  53.7859        179.575 -4.40546   179.07
59    8.0066 -5.9717 53.5735        179.737 -3.37904  179.779
60    8.70756 -5.81593  53.3491         179.72 -4.58767 -179.654
61    7.69161 -5.77526  53.0191        179.971 -4.07189 -179.019
62   8.28751  -5.913 53.0687       -179.722 -4.78267 -178.908
63     6.9648 -5.93622  53.1086       -179.352 -3.49786 -178.528
64   7.42722 -6.2364 53.0372       -179.117 -3.97953 -178.482
65    6.39155 -6.09474  52.9006       -179.127 -3.04137 -177.698
66    6.91905 -7.12115  53.1203       -179.281 -3.80507 -178.554
67    5.83502 -6.69336  52.7565       -179.008 -3.03999 -177.659
68    6.63749 -6.97801  52.7294       -178.511 -3.95562 -177.496
69    5.47404 -5.28587  52.7199       -178.393 -2.78292 -174.946
70    5.39384 -7.96232  53.0635       -177.844 -2.77545 -177.025
71    4.28151 -5.41931  52.6852       -177.066 -1.61705 -172.781
72    9.39475 -8.11507  53.2142       -175.687 -6.25454 -175.153
73     8.6814 -7.16154  53.4201       -174.893   -4.231 -171.844
74    13.2068 -13.8349  53.0375       -173.455 -7.93019 -179.064
75    13.5156 -12.9316  53.1119       -173.375 -7.97708 -177.885
76    13.3183 -14.2102  53.0241       -173.626 -7.59083 -178.926
77    12.2134 -12.7259  53.1921        -173.63 -6.97371 -178.077
78    12.3226 -14.4849  52.7958       -173.694 -7.44625  179.206
79    12.3637 -14.0218  52.8353       -173.649 -8.02143  179.499
80    12.4828 -14.2846  52.8407       -174.055 -8.13646  179.559
81    12.5003 -15.3504  52.6739       -174.561 -8.18742  178.853
82    12.2998 -15.6953  52.6551       -174.999 -8.34049  178.861
83   12.5883 -15.338 52.6685       -174.797 -8.91251  179.657
84    12.4052 -15.6222  52.6665       -174.783 -8.81162   179.51
85    12.9331 -16.4594  52.5068       -174.634 -9.46449  178.786
86    12.4052 -16.3852   52.631       -174.585 -9.01976  179.117
87      12.71 -16.7217  52.5941       -174.159 -9.51855  178.777
88    12.1663 -16.9025  52.6618       -174.302  -9.0133  178.764
89    12.5349 -17.0381  52.6829       -174.471 -9.33785  178.883
90    11.7048 -17.4374  52.6873       -175.249  -8.8473  178.639
91    11.9359 -17.1375  52.5851       -175.593 -9.62897  178.954
92    11.7387 -17.2969  52.5304       -175.674 -9.51998  178.626
93    12.0519 -16.7862  52.7542       -175.609 -9.80194   179.03
94    11.6642 -17.7777  52.6892       -175.678 -9.34994  178.147
95    11.7635 -17.1872  52.9397       -176.142 -9.62892  179.281
96    11.1238 -18.4641  52.8467       -176.162 -9.16721  178.389
97    10.8962 -17.5381  53.1608       -175.888  -9.3383   179.69
98    10.9119 -19.0351  52.9239         -175.7 -9.36683  178.147
99    11.1316 -18.4086  53.1438       -175.867 -9.66523  179.103
100    10.7339 -19.4136  53.0129       -176.061 -9.23177  178.203
101    10.6303 -19.2289  53.2548       -177.035 -9.40929  178.942
102    9.22805 -21.0028  52.9458       -177.883 -8.61174  177.345
103    8.21029 -21.0599  52.7273       -177.804 -9.66535  177.076
104    8.18769 -24.4091  51.0157        -177.58 -10.2752  172.648
105     9.1311 -25.2861  50.5116       -177.658 -11.6175  170.868
106    8.62215 -25.2707  50.4853       -177.907 -10.8603  170.924
107    8.97382 -26.0003  50.5331       -178.277 -11.0671  170.917
108    7.37579 -25.6577  50.8163       -178.534 -9.71879  171.746
109    7.54044 -26.3451  50.5574        -178.49 -10.5481  171.009
110    8.21808 -23.1743  52.3424       -179.449  -11.604  174.746
111    8.43582 -23.7308  52.3576       -179.455 -12.6327   174.82
112    8.23336 -21.6909  53.0976       -179.681 -12.4921  177.029
113    14.5663 -21.0196  50.9305       -178.979 -20.0265  177.249
114    26.0378 -14.3033  47.7021       -179.987 -33.1452 -175.301
115    24.8111 -17.5271  48.2498       -178.644 -33.1803 -177.294
