21    7.79374 0.977926  55.1749        177.519 -5.93955 -178.942
22   7.97342 1.18261 55.0167        177.173 -5.39687 -179.515
23   7.97136 2.26135 54.7263        177.235 -4.66028  179.569
24   8.08341 3.25681 54.4851       177.642 -4.1243 179.334
25   8.20881 4.26595  54.276        178.081 -3.79611  179.291
26   8.24969 4.28199 54.2863       178.112 -3.7924 179.287
27   8.44572 3.58551  54.427        178.082 -4.01637  179.394
28    8.6293 2.96868 54.5093        177.872 -4.21673  179.541
29   8.88862 1.82495 54.6363        177.199 -4.33585  179.417
30   8.98903 1.18599 54.7046         176.64 -4.25709  179.238
31    9.20467 0.566847  54.7184        176.566 -4.38883  178.719
32   9.12558 0.20974 54.6707        176.308 -4.56923  178.618
33      9.1849 -0.310831   54.6019        176.223 -4.65104  178.378
34     9.50553 -0.618397   54.6228        176.146 -4.91071  178.526
35    9.50934 -1.07852  54.6787        176.176 -4.92161  178.446
36    9.51231 -1.22672  54.6673        176.236 -4.92066    178.4
37    9.50834 -1.60178  54.6788        176.402 -5.12686  178.306
38    9.56795 -1.77594  54.6788        176.276 -5.37464  178.494
39     9.5627 -2.02077   54.717        176.328 -5.44217  178.312
40    9.71336 -2.14717  54.7495        176.468 -5.62053  178.302
41    9.80968 -2.34201  54.7449        176.738 -5.96574  178.424
42    9.80239 -2.28669  54.6409        176.822 -6.32346  178.319
43    9.47315 -2.72209  54.5072        176.975 -6.30636  178.136
44    9.80969 -3.18345  54.5368        177.197 -6.77488  178.189
45    9.54539 -3.46496  54.6816        177.586 -6.70127  178.091
46    10.0911 -3.53325  54.8011        178.032 -6.92807  177.997
47    10.7303 -3.79399  55.0546        178.834 -6.97802   177.81
48    10.9719 -3.79509   55.101        179.196 -7.03412  177.672
49    11.1191 -3.94838  54.8613        179.473 -7.28589   177.48
50    11.0214 -4.42297  54.6217        179.484 -7.45542  177.381
51    10.9073 -4.87125  54.3327       179.339 -7.4839 177.542
52    11.3925 -5.38171  54.2132        179.164 -7.49239  177.415
53    11.6059 -5.61887  54.1605       179.096 -7.5918 177.329
54    11.7473 -5.80611  54.0525        178.948 -7.77169  177.268
55    11.9537 -6.31641  53.9668        179.036 -7.99467  177.265
56    11.9621 -6.61157  53.9642        179.356 -7.94883  177.375
57    12.3522 -7.07331   53.924        179.673 -8.11091  177.322
58    12.9138 -7.61199  53.8678        179.959 -8.27042  177.475
59     12.812 -8.04441  53.7773       -179.892  -8.4409  177.524
60    12.6801 -8.05798  53.5851       -179.813 -8.78912  177.921
61    12.2118 -8.37528  53.4723       -179.474 -8.83374  178.104
62    12.4132 -8.72504  53.3902       -179.122 -9.13624  177.988
63    12.2001 -9.19053  53.3602       -178.703 -8.98385  177.849
64   12.3904 -9.5279 53.2826       -178.522 -9.16337  177.843
65    12.2086 -9.95131  53.2344       -178.502 -9.11383  178.016
66    12.2655 -10.4257  53.1006       -178.528 -9.40736   177.74
67    12.0172 -10.8686  53.0175       -178.082 -9.50092  177.666
68    11.7795 -11.1433  53.0197       -177.792 -9.26956  177.814
69      11.93 -11.7038  52.9968        -177.33 -9.39913  177.957
70    11.9183 -12.0736  52.9318       -176.912 -9.48684  178.219
71    11.7844 -12.4811  52.9176       -175.944 -9.12908  179.213
72    11.9901 -12.7268  52.9547       -175.518 -8.62682  179.835
73   12.2697 -13.209 53.1339       -174.746 -7.43493 -178.466
74    12.4715 -13.3678  53.1186       -174.242 -7.25512 -178.383
75    12.5306 -13.6196   53.072       -174.344 -6.93838 -178.377
76     12.509 -13.8334  53.0812       -174.366 -6.84911 -178.357
77    12.3165 -13.8409  52.9353       -174.451 -7.04332 -179.186
78     12.09 -13.783 52.8167       -174.499 -7.35189 -179.951
79     11.979 -14.0802  52.7851       -174.583 -7.69135  179.565
80    12.0533 -14.3671  52.7868       -174.864 -7.75246  179.612
81    11.8682 -14.8115  52.7822       -175.595 -7.64671  179.573
82    11.5104 -15.2138  52.7659        -175.72 -7.61007  179.523
83   11.3475 -15.687  52.691       -175.617 -7.64677  179.479
84    11.2455 -15.8841  52.6857       -175.529  -7.6303  179.421
85    10.979 -16.311 52.7026       -175.557 -7.49085  179.204
86     11.077 -16.5891  52.6991       -175.308 -7.66833  179.099
87    10.8244 -16.9049  52.6914       -175.142  -7.6125   178.85
88     10.859 -17.0556  52.7183       -175.035 -7.69272  178.796
89    10.7402 -17.2746  52.7557       -175.539 -7.53671  178.873
90    10.3488 -17.5435  52.7034       -176.018 -7.49696  178.692
91    10.1025 -17.6514  52.5831        -176.34 -7.72196  178.601
92    10.0771 -17.6014  52.5787       -176.389 -7.79479  178.486
93    9.96816 -17.5487  52.7298       -176.361 -7.62022  178.435
94    9.78801 -17.6042  52.8201       -176.544  -7.4526  178.524
95    9.22196 -17.8538   52.929       -176.962 -6.99471  178.798
96    8.95492 -18.2751  52.9676       -176.868 -6.94889  178.771
97    8.34178 -18.6601  52.9786       -176.656 -6.66272  178.707
98    8.35207 -18.8773  53.0073       -176.575 -6.76443  178.529
99    8.04577 -19.1703  53.0553       -176.693 -6.46409  178.547
100    8.03352 -19.5412  53.0072       -176.992 -6.48114  178.255
101    7.56489 -20.2042  52.9915       -177.991 -6.28153  178.069
102    6.91422 -20.8132  52.8969       -178.625 -6.26458   177.58
103    5.60006 -21.7086  52.3804       -178.425 -6.95781  176.419
104    5.20301 -21.9835  51.9732       -178.855 -7.28197    175.5
105    5.29909 -22.0833  51.8374       -179.072 -7.67426  174.644
106    5.43931 -22.4839  51.7488       -179.245 -7.60348  174.248
107    5.21551 -22.7581  52.0129       -179.683 -7.17714  174.738
108    4.42079 -23.0717  51.9829       -179.629 -6.67726  174.787
109    3.62511 -23.4259  52.0306        179.849 -6.57007  174.505
110    3.17205 -23.2544  52.0848        179.117 -6.55896  174.727
111    2.26258 -24.0545  51.7852        179.251 -6.34667  174.431
112    2.13907 -23.6053  51.9897        179.119 -6.35814  174.935
113   5.32015 -23.622 51.3561        179.384 -10.2698  174.719
114    5.24989 -23.7936  51.2982        179.498 -10.5232  174.795
115   3.73087 -25.142 51.2487        -179.02 -10.1126  175.086
