21    7.97903 0.517589  55.2755        177.547 -6.16618  -179.39
22    8.11237 0.696443  55.1594        177.215 -5.57396  179.998
23   8.28156  1.7427 54.8869        177.251 -5.01126  179.048
24   8.48379 2.67577 54.6637        177.64 -4.5667 178.752
25   8.33676 3.50299 54.5564        178.098 -3.95424    178.5
26   8.53195 3.46712 54.5907        178.094 -4.10868  178.437
27   8.62053 2.73363 54.7185        178.112 -4.22534  178.508
28   8.87219 2.32476 54.7411        177.911 -4.49272  178.878
29   9.17329 1.26012 54.7987        177.224 -4.66364  178.853
30    9.00609 0.542237   54.874         176.65 -4.31156  178.579
31    9.62103 0.136063  54.8064        176.578 -4.85156  178.308
32   9.61819 -0.2792 54.7804        176.324 -5.11357  178.154
33     9.15306 -0.839219   54.7304        176.264 -4.65741  177.832
34    9.83841 -1.12671  54.7353        176.161 -5.29535  178.031
35    9.97627 -1.55807  54.7714        176.195 -5.43437  177.991
36    9.98713 -1.78896  54.7719        176.248 -5.44933  177.863
37     9.9388 -2.22188  54.7645        176.405 -5.61602  177.712
38    10.0076 -2.23364  54.7768        176.346 -5.86346  178.059
39    9.91197 -2.66008  54.8103        176.344 -5.85061   177.69
40    9.7366 -2.6291  54.836        176.491 -5.68142  177.816
41   9.91826 -2.7351 54.8216        176.787 -6.10627  178.029
42    10.0546 -2.70117  54.6914        176.875 -6.61127  177.908
43     10.132 -3.24135   54.569        176.981 -7.01621  177.652
44    9.97434 -3.69727  54.6033        177.255 -6.97692  177.676
45    9.86728 -3.95169  54.7632        177.636 -7.05454  177.608
46    10.3833 -3.94739  54.8569        178.073 -7.24898  177.587
47    11.1257 -4.11459  55.0719        178.875 -7.39438  177.489
48     11.56 -4.1823 55.1159        179.198 -7.65143  177.293
49    11.1569 -4.61576  54.9651        179.558 -7.33597    176.8
50    10.9727 -4.64058    54.63        179.539 -7.42162  177.164
51    11.3256 -5.25514  54.3673        179.376 -7.92986  177.144
52    11.7532 -5.68047  54.2194       179.204 -7.8825 177.111
53      11.68 -5.81132  54.1909          179.1 -7.68624   177.13
54    11.7988 -6.13013  54.1126        179.014 -7.84089  176.935
55    12.5827 -6.70449  53.8955        179.055 -8.67341  176.886
56    12.2958 -7.08027  53.9597        179.416 -8.30976  176.904
57     12.943 -7.31091  53.8275        179.711 -8.74194  177.085
58    13.2851 -7.88391   53.879         179.99 -8.66612  177.192
59    12.7756 -7.97872  53.7786        -179.86 -8.40939  177.594
60    13.0478 -7.96252  53.4854       -179.825 -9.19008  178.018
61     12.917 -8.45123  53.3463       -179.425 -9.60416  178.027
62    12.6603 -9.11269  53.3309       -179.083 -9.39139  177.595
63     12.434 -9.49024  53.3872       -178.685 -9.23011  177.546
64    12.2702 -9.75568  53.3173        -178.51 -9.03658  177.622
65    12.6771 -10.1609  53.1538       -178.448 -9.62736  177.786
66     12.769 -10.2221  53.0004       -178.511 -9.97434  177.942
67    12.5493 -10.9177  52.9507       -178.048  -10.082  177.596
68     12.45 -11.205 52.9414       -177.784 -9.99488  177.725
69   12.1666  -11.84 52.9764       -177.321 -9.64689   177.82
70   12.2208 -12.061  52.894       -176.874 -9.82851  178.214
71     11.775 -12.3652  52.9214       -175.938 -9.14096  179.349
72     12.122 -12.6844  52.9348       -175.515 -8.78185  179.878
73     12.321 -13.0631  53.1409       -174.743 -7.51669 -178.309
74    12.3369 -13.1914  53.1481       -174.243  -7.1416 -178.176
75    12.6037 -13.4648  53.0693        -174.34 -7.04353 -178.217
76    12.6257 -13.6516  53.0938       -174.363  -6.9999 -178.176
77    12.2615 -13.6837  52.9594       -174.449 -7.01293 -179.006
78    12.1935 -13.5734  52.8196        -174.48 -7.49094 -179.737
79    12.1294 -13.8799  52.7964       -174.581 -7.87645  179.765
80    12.0595 -14.1678  52.8162        -174.86 -7.78637  179.827
81    11.7127 -14.5509  52.8245       -175.585 -7.51228  179.866
82    11.7881 -15.1396  52.7773       -175.721  -7.9143  179.586
83    11.3047 -15.4726  52.7341        -175.63 -7.62372  179.719
84    11.4824 -15.7684  52.6949       -175.529 -7.90507  179.527
85    11.2527 -16.2022  52.7156       -175.564 -7.79322  179.305
86    10.9168 -16.3348  52.7678       -175.335 -7.52169  179.394
87   10.9006 -16.826 52.7245       -175.146 -7.70102  178.933
88    10.5684 -16.8731  52.7982       -175.064 -7.40457  179.034
89    10.4441 -17.0483  52.8359       -175.548  -7.2419   179.15
90     10.302 -17.3676  52.7804       -176.056 -7.45744  178.894
91    10.0828 -17.5063  52.6318       -176.341 -7.72077  178.763
92    10.1004 -17.5511  52.5872       -176.377 -7.83578   178.54
93    9.67013 -17.4037  52.8006       -176.403 -7.32005  178.623
94    9.52721 -17.4236   52.892       -176.555 -7.18972  178.746
95    9.21375 -17.8268  52.9643       -176.968 -6.98938  178.835
96    8.90882 -18.0216  53.0446       -176.877 -6.91828  179.049
97   7.77441  -18.45 53.0434       -176.648 -6.08026  178.978
98    8.36953 -18.7207  53.0808       -176.601 -6.79704  178.702
99    8.13199 -19.0067  53.1012       -176.698 -6.57226  178.715
100    7.82303 -19.3138  53.0772       -176.994 -6.27302  178.515
101    7.57429 -20.0855  53.0572       -177.986 -6.29763    178.2
102    6.46096 -20.6538   52.959       -178.618 -5.79006  177.786
103    5.01573 -21.5968  52.3931        -178.48 -6.34886  176.565
104    5.02343 -22.0441  51.9621       -178.852 -7.09236  175.446
105    5.05883 -22.0015  51.9152       -179.052 -7.40951  174.762
106    5.05454 -22.4334  51.7452       -179.309 -7.19198  174.313
107    4.80579 -22.5941  52.0838       -179.761 -6.75138   174.92
108    4.14598 -23.3132  51.8314       -179.638 -6.38332  174.518
