22     9.5376 -12.9521  45.8248       -169.248 -5.08602 -175.528
23    12.6886 -13.3673  45.6732       -167.926 -10.3885 -176.133
24   10.9101 -11.322  44.508       -170.146 -8.70605 -178.598
25    8.77505 -10.4542  43.4269       -171.939 -6.34096  178.237
26    7.14837 -10.2058  42.9334       -171.991 -6.60928  173.441
27    10.3243 -8.61642  42.8001       -171.793 -11.5441  173.274
28   6.62376 -3.4385 42.3641       -171.241 -7.88548 -179.114
29   7.49616 -4.8195 42.9139       -170.604 -8.23064 -178.993
30    9.72598 -8.37332  43.4525       -170.484 -8.61648  178.926
31    9.89698 -9.12295  43.2775       -170.769 -7.29238  179.459
32    11.2941 -9.79983  42.8271       -170.339 -7.49903  178.393
33    12.2281 -9.52015  42.5385       -169.765 -7.97316  177.788
34    12.6569 -9.30862  42.2921         -169.2 -6.70967  177.012
35    12.4804 -8.56798  42.3183        -168.68 -6.02992  178.083
36    12.6391 -9.48353  42.3489       -169.337  -5.7938  178.902
37    12.8315 -9.80249   42.449       -169.601    -6.49 -179.582
38    13.7362 -9.12175  42.4436       -169.915  -8.4159 -177.613
39    13.6586 -8.47749  42.4086       -169.419 -8.89469 -178.272
40    13.1899 -8.39673   42.545       -168.875 -8.43127  178.898
41    13.1078 -8.29997   42.622       -168.447 -8.25151  178.338
42    13.2321 -8.64497  42.6454       -168.074 -8.21598  178.945
43    13.3379 -9.34983   42.663       -168.543 -8.29095  179.946
44    13.9763 -10.5923  42.7704       -168.917 -8.60823 -179.114
45    13.9973 -10.5701   43.013       -168.607 -7.98879 -177.185
46    13.6908 -9.75548  43.2861       -167.969 -7.52116 -174.689
47    13.8279 -10.2025  43.2503       -167.982  -7.3482 -175.727
48    13.3371 -9.83947  43.2745       -168.013 -7.35114 -176.305
49    13.5371 -9.82324  43.1405       -168.227 -7.72974 -176.766
50    13.0619 -9.48635  43.1131       -168.203 -7.60363 -176.424
51   13.0183 -9.4943   42.95       -168.673 -7.96613  -176.72
52    12.7719 -9.87532  42.9652       -169.547 -8.46524 -177.322
53    12.7017 -10.1205  42.9591       -169.993 -8.92773 -177.303
54    13.0772 -10.0192  42.3135       -170.425 -9.69794 -177.207
55    12.3494 -10.3238  42.0227       -170.761 -8.78023  -178.19
56    12.4877 -10.0624  41.6467        -171.01  -9.7515 -178.702
57    11.9634 -10.3482  41.7223       -171.061 -9.37984 -178.724
58    12.4092 -10.5138  41.7585       -170.861 -10.0129 -178.196
59    12.0338 -10.0502  41.9952       -170.891 -9.80285 -177.492
60    12.9982 -9.71778  42.2028       -170.016 -10.7582 -177.773
61    12.1734 -9.79335  42.5586       -169.359 -9.09391 -177.946
62    12.8061 -9.62517  42.6449       -168.697  -9.2951 -177.644
63    11.7985 -10.0363  42.9836       -168.723 -7.61212 -177.566
64   11.7664 -10.303 43.1117       -168.712 -7.11855 -177.667
65    10.9041 -10.3798  43.2054       -168.912 -6.08632  -177.67
66    11.1592 -10.2305  43.0697       -169.105 -6.62343 -178.009
67    10.5496 -10.2096  43.1102       -169.266 -5.92985 -178.311
68    10.8873 -9.96626  42.9327       -169.317 -6.54334 -179.172
69    10.4434 -9.95628  42.8458       -169.533 -6.02466 -179.909
70   10.5291 -10.254  42.717       -169.734 -6.15036   179.31
71    10.1555 -10.0098  42.8033       -169.678 -5.72795  179.865
72    10.7727 -10.4264  42.8305       -169.445 -6.16603  179.637
73    9.76518 -9.64149  43.0579       -169.401 -5.02204 -178.684
74     10.745 -10.4576  42.9726       -168.862 -6.32885 -179.625
75    11.0353 -11.0923  42.8849       -168.767 -6.57951  179.893
76   11.1562 -11.446 42.9123       -168.819 -6.90127 -179.789
77    11.0293 -11.6003   42.995       -168.856 -6.71984 -179.282
78    11.6696 -11.9836  43.0925       -168.787 -7.30145 -179.055
79    11.5561 -12.2316  43.2188       -168.637  -7.0688 -178.886
80    11.9558 -12.1317  43.2988        -168.18 -7.88794 -178.492
81    11.7134 -11.9225  43.3063       -168.252 -7.73261  -178.45
82   11.6924 -11.784  43.129       -168.235 -7.94053 -179.295
83    10.7624 -12.0632  43.1389       -168.291 -6.93195  179.934
84    11.1853 -11.4208  42.9361       -168.263 -7.82599  179.561
85    10.2605 -11.4755  42.9742       -168.456 -6.62827  179.134
86    10.5804 -11.3115  42.8408       -168.287 -7.05425  178.396
87   9.99489 -11.122 42.8819       -168.382 -6.40697  178.389
88    10.4361 -11.0314  42.7372       -168.361 -6.82946  177.827
89    9.65598 -10.8422  42.8185       -168.474  -5.9288  177.988
90    10.2856 -10.9306  42.6874       -168.441  -6.5377  177.046
91     9.3618 -10.7685  42.7429       -168.503 -5.48184  177.198
92    9.69969 -10.9627  42.6383       -168.329 -6.17771  176.357
93    9.35493 -10.8263  42.7114        -168.36 -5.87376  176.998
94    9.97725 -11.4221  42.6406       -168.351 -6.38937  176.802
95   9.50707 -11.187 42.7419        -168.58 -5.77812  177.769
96    10.4277 -11.9471  42.8205       -168.193 -6.58978  177.647
97    10.2427 -11.7392  43.0139       -168.042 -6.27713  178.767
98    11.2254 -12.0596  43.0255       -167.664 -7.08687  178.922
99    10.5257 -12.2246  43.1687       -167.684 -6.15065   179.24
100    11.0829 -12.5059   43.002       -167.511 -7.19316  178.852
101    10.6092 -12.7019  43.0255       -167.747 -6.82778  178.878
102    11.1366 -12.8842  43.0091       -167.522 -7.44447  178.775
103    10.7168 -12.7992  43.0678        -167.49 -6.85303  178.854
104    11.2299 -12.8262  42.9428       -167.159 -7.61295  178.363
105    10.9494 -12.7097  42.9711       -167.095 -7.18128  178.367
106    10.1086 -12.6293   43.058       -167.141 -6.12129  178.498
107    10.8234 -12.6272  42.8386       -166.911 -7.06201  177.642
108    11.2586 -13.0722  42.5883        -166.68 -7.58846  176.116
109      10.11 -12.1181  42.8397       -166.572 -6.29563  177.162
110    10.2678 -12.2662   42.715       -166.434 -6.37371  176.388
111    9.61812 -11.8337  42.7469       -166.773 -5.78456  176.774
112    9.97202 -12.0609  42.6588       -166.686 -6.18445  175.773
113    9.37955 -11.2164  42.7911       -166.543 -5.68954   176.47
114    9.74982 -11.3755   42.715       -166.246 -6.21591  175.323
115    9.13827 -10.7667  42.7965       -166.316 -5.71866  175.825
116    9.42614 -10.8522   42.614       -166.456 -6.12202  174.685
117    8.91596 -10.3696  42.5588       -166.551 -5.72383   174.96
118    9.44736 -10.9497  42.4138        -166.51 -6.15236  174.031
119    8.98794 -10.3004  42.5448       -166.592 -5.60206  175.365
120    9.42942 -11.4364  42.5003       -166.256 -5.65689  174.686
121    9.09076 -10.6136   42.481       -166.389 -5.42756  176.336
122    9.46243 -11.9966  42.2568       -166.787 -5.43697  175.427
123     9.4029 -11.4856  42.3254       -166.824 -5.06357  176.594
124    10.1891 -12.1081  42.2805       -165.849 -4.65389   176.06
125     10.565 -14.2712  42.0659       -164.713  -3.2575  173.918
126     9.0477 -14.1736  42.4154        -164.148 -0.895388   175.653
127    9.28836 -14.4911  42.3396       -164.519 -1.15788  175.661
128   9.05883 -15.035 42.3005        -164.547 -0.707927   175.677
129    9.31987 -15.0838  42.2164        -164.535 -0.985359   175.699
130    9.28703 -15.2833  42.0257        -164.478 -0.904147   175.736
131    9.47918 -15.8549  41.9099       -164.604 -1.03095  175.488
132    9.74417 -15.4453  42.0003        -164.55 -1.52807  176.268
133    9.67921 -16.1436  41.9106       -164.664 -1.23363  175.557
134    9.71878 -15.8201  42.0257       -164.224 -1.35395  176.099
135    9.91825 -15.7925  41.9951       -164.352 -1.75623  175.968
136    9.65568 -15.5298  42.0118        -164.24 -1.46931  175.926
137    9.73093 -15.5725  41.9821       -164.085 -1.46855  175.431
138    9.46741 -14.8816  42.1013       -163.742 -1.09081  175.816
139    9.42402 -15.1697  42.0221        -163.818 -0.965811   175.137
140    9.21788 -14.6552  42.0111        -163.681 -0.473467   175.315
141    9.07094 -14.7026  41.9754        -163.489 -0.279677    175.14
142    8.76132 -14.4011  41.9914       -163.337 0.262788  175.328
143    9.04723 -14.2898  41.9815          -163.28 -0.0621176    175.279
144    8.65384 -14.3351  42.0075       -162.943  0.66588  175.495
145     8.8063 -14.2857  42.0376       -163.252 0.526668   175.86
146    8.46827 -14.2611  42.0542        -163.37 0.799377  176.196
147    8.88779 -14.1448  42.0516       -163.698 0.187291  176.291
148    8.40329 -14.3451  42.1338        -164.07 0.918165  176.546
149    8.81099 -14.2651  42.1685       -164.432  0.38434  176.759
150    8.62752 -14.3942  42.2448       -164.862 0.620257  177.256
151    9.28704 -14.0652  42.3271        -165.163 -0.272239     177.8
152   8.96161 -14.013 42.4453       -165.448 0.200635  178.208
153    9.45242 -14.3654  42.4603        -165.513 -0.319543   177.982
154    9.30997 -13.9258  42.6382        -165.627 -0.274427   178.937
155    9.75616 -14.4517  42.6137        -165.735 -0.631471   178.607
156    9.65758 -14.1206  42.8381        -165.615 -0.632988   179.686
157    10.1996 -14.4197  42.7819       -165.664 -1.22506  179.266
158    9.86689 -14.3006  42.8673       -165.323 -0.98185  179.673
159   10.5757 -14.535 42.8149       -164.988 -1.63378  179.232
160    10.1025 -14.5412  42.9788        -164.555 -0.810352   179.675
161    10.5162 -15.1181  42.9378       -164.667 -1.17942  179.016
162    10.2504 -15.2968  43.1212        -164.238 -0.559175   179.514
163    10.5872 -15.5559  43.1064        -164.196 -0.962822   179.317
164    9.84795 -15.3262  43.0609        -164.309 -0.504291    179.45
165    9.86634 -16.0363  42.8558        -164.541 -0.526204   178.284
166    9.43522 -14.8974  42.9352        -164.443 -0.371901   179.044
167    9.66209 -15.4314  42.8071          -164.6 -0.557826   178.079
168    9.28431 -14.4882  42.9881        -164.416 -0.311484   178.922
169    9.33823 -14.9922  42.8885        -164.471 -0.290093    177.98
170     8.9035 -14.2834  42.9995         -164.219 -0.0790834    178.542
171    9.11683 -14.5119  42.9605        -164.292 -0.269813   177.948
172   8.60146 -13.831  43.007       -164.083 0.178407  178.411
173    8.63639 -14.0187  42.9303       -164.226 0.131443  177.709
174    8.19585 -13.6301  42.9314       -164.115 0.415728  177.867
175    8.69719 -13.8883   42.878       -164.281   -0.151  177.467
176    8.50476 -14.0413   42.974       -164.304 0.319977  177.845
177    8.82814 -14.2256  43.0135       -164.249 0.225795  177.781
178    8.51589 -14.3755  43.1169       -163.856 0.691878  178.128
179   8.90411 -14.595 43.1249        -163.904 0.0408905   178.007
180    8.70194 -14.5186   43.176       -163.729 0.155396  178.335
181    9.02809 -15.0159   43.175         -163.684 -0.0920069    178.106
182    9.05157 -14.8595  43.2493        -163.648 -0.346097   178.974
183    9.44876 -15.4752   43.185        -164.042 -0.638431   178.411
184    9.27615 -15.2888  43.3483        -164.124 -0.401519   178.933
185    9.49672 -16.1861  43.2602       -164.356 -0.35288  177.996
186    9.57246 -15.2107  43.4201        -164.083 -0.743776   179.086
187    9.78966 -15.4781  43.2951        -164.336 -0.960644   178.315
188    9.23739 -14.6119  43.3128        -164.257 -0.510284   178.485
189    9.30799 -15.0139   43.213        -164.269 -0.424329   177.465
190    8.76226 -14.2685  43.3011         -163.993 -0.0716867     178.02
191    9.08857 -14.3671  43.2504        -164.178 -0.541474   177.668
192    8.40927 -13.6603  43.3362       -164.048 0.069052  177.978
193    8.63689 -13.8976  43.2849         -163.974 -0.0800232    177.243
194   8.09148 -13.328 43.3069       -163.884 0.365692  177.541
195    8.49012 -13.2704  43.2532        -164.002 -0.185584   177.105
196    8.00641 -13.0963  43.2542       -163.84 0.38996 177.049
197    8.38419 -12.8177  43.2183        -163.829 -0.143746   176.919
198    7.90176 -13.2161  43.1855       -163.765 0.575421  176.433
199    8.36024 -12.7931  43.2651         -163.762 -0.0961365    176.797
200      7.894 -12.7551  43.3092       -163.797 0.599734   176.67
201    8.10182 -12.9124  43.3703       -164.009 0.272436  176.507
202    7.77876 -12.4871  43.5235       -163.734 0.503544  177.059
203     8.0537 -11.6629   43.537       -163.873 0.091404  177.214
204    7.41914 -12.0616   43.597       -163.768  1.10176  176.508
205    7.94216 -11.2027  43.6714       -163.653  0.34773  176.943
206    7.29643 -11.6544  43.7191       -163.483  1.33761  176.396
207    7.88325 -10.7794   43.778       -163.371 0.294347   177.12
208    7.31518 -11.3646  43.7262       -163.301  1.10669  176.535
209    7.75317 -10.9929  43.7447       -163.357 0.350664  177.029
210    7.40503 -11.5414   43.708       -163.286 0.838468  176.794
211     7.7979 -11.2486  43.7004       -163.374 0.138622  177.178
212    7.30861 -11.9606  43.5847       -163.699  0.61513  176.605
213     7.9661 -11.9314  43.5859        -163.955 -0.268567   176.671
214    7.49801 -12.5171  43.6556       -163.913 0.622923  176.618
215    7.83872 -12.2829  43.6504        -164.098 0.0352376    176.89
216    7.63465 -13.0233  43.4902       -164.286 0.330828  176.416
217    8.05617 -12.6823  43.5256       -164.341 -0.32965  176.929
218    7.78101 -12.9793   43.511       -164.416  0.15154  176.937
219    8.08829 -12.8334  43.5587        -164.484 -0.239682   177.167
220    7.82231 -13.1642  43.5458       -164.399 0.143805  177.068
221    8.10017 -13.2521  43.5193        -164.444 -0.248586   177.102
222    7.92135 -13.2487  43.5195        -164.259 -0.184381   177.527
223    8.34786 -13.4139  43.5175        -164.338 -0.610052   177.488
224     8.0966 -13.4584  43.5591        -164.242 -0.208944   177.893
225    8.35539 -13.7515  43.5449        -164.368 -0.396791   177.826
226    8.38734 -13.6275  43.6184        -164.133 -0.279059   178.675
227    8.57026 -13.9971  43.6186        -164.247 -0.410466   178.624
228    8.57993 -14.0116  43.6469       -163.711 -1.00142  179.627
229    6.38859 -9.93922  44.1966       -163.372 0.138515 -174.146
230    5.54928 -9.29891  44.2328       -163.336 0.840969 -172.839
231    6.64065 -10.2631   44.246         -163.51 -0.143113  -174.172
232    5.74101 -9.38338  44.2657       -163.332 0.338113 -172.541
233     6.8629 -10.5941  44.2237         -163.46 -0.694917  -174.103
234    6.08565 -9.66097  44.3057       -163.351 -0.12741 -172.481
235    6.87168 -10.7065  44.2437        -163.556 -0.721279  -174.168
236    6.12149 -9.70238  44.3332         -163.381 -0.0906153   -172.711
237    6.97931 -10.5812  44.2793        -163.525 -0.894284  -174.012
238    6.30733 -9.81348  44.3274        -163.462 -0.390456  -172.724
239    6.99343 -10.5476    44.28       -163.588 -1.03747 -173.906
240    6.17931 -9.57171  44.3316        -163.441 -0.404156  -172.581
241      6.919 -10.3916  44.2971       -163.421 -1.01315 -173.914
242    6.15278 -9.75715  44.3368       -163.372 -0.31547 -172.924
243    6.71975 -10.2785  44.3288         -163.41 -0.833786  -173.875
244    5.67657 -9.41027  44.2788       -163.261 0.146377 -172.763
245    6.31071 -10.1754  44.2216        -163.387 -0.425456  -174.199
246    5.47296 -9.19433   44.232       -163.261 0.273689 -172.983
247    6.03297 -9.91669  44.1851        -163.386 -0.151085  -174.238
248    5.28884 -8.97477  44.0964       -163.373  0.39742 -173.093
249    5.93361 -9.67801  44.0551          -163.5 -0.287238  -174.376
250    5.18215 -8.91452  44.0562       -163.328 0.432619 -173.453
251    5.82214 -9.43613  44.0689         -163.389 -0.0752243   -174.481
252    4.99204 -8.83811  44.0738       -163.237 0.798704  -173.55
253    5.63934 -9.31471  44.0355       -163.363 0.245444 -174.591
254    4.60172 -8.66118  43.9943       -163.327  1.19096 -173.692
255    5.35579 -9.14859  43.9239       -163.492 0.395825  -174.83
256    5.67721 -9.84056  43.9074       -163.671 0.259235 -175.929
257    4.64652 -8.55942  43.8696       -163.584   1.2208 -174.107
258    4.43139 -8.17302  43.8728       -163.581  1.47435 -173.704
259    5.24216 -9.18669  43.9261       -163.646 0.888138  -175.33
260    4.31609 -8.32193  43.9169       -163.344  1.78308 -174.164
261      4.889 -8.85395  43.9069       -163.432  1.22563 -175.187
262    3.88689 -7.93255  43.7345       -163.568  2.02615 -174.418
263    4.68738 -8.72276  43.7545       -163.673  1.19352 -175.781
264    3.73417 -7.82607  43.6692       -163.423   2.1079 -174.624
265    4.57531 -8.67314  43.7349       -163.535  1.40337 -175.958
266    4.21235 -8.16085  43.8105       -163.253   1.8431 -174.998
267    4.56739 -8.52098  43.8693       -163.313  1.61308 -175.545
268    4.16891 -8.37949   43.872       -163.202  1.88436 -174.938
269    4.73662 -8.54598  43.8814       -163.269  1.24099 -175.282
270    4.25256 -8.37361  43.9024       -163.134  1.84745 -174.741
271    4.91946 -9.04487  43.9607       -163.223  1.23732 -175.522
