22    11.3879 -13.3366  45.6791       -169.116 -7.20796 -176.424
23    10.1451 -13.8694  45.9776       -168.881 -7.23744 -176.018
24    10.3732 -12.0188  44.5005       -170.546 -7.90793 -179.319
25    10.0467 -10.4195  43.3961       -171.857 -7.96625  178.043
26    6.40384 -6.40034  42.6456       -171.642 -6.51789  178.291
27    5.29417 -5.30431  42.5916       -171.625 -5.79811   178.23
28    5.84661 -5.34068   42.902       -171.166 -6.37344  178.598
29    7.33089 -6.43539  43.2459       -170.27 -7.6218 179.001
30    10.2647 -9.24031  43.4176       -170.912 -9.09161  177.758
31    10.9658 -9.56822  43.2011       -170.491 -8.56143  178.642
32      11.53 -9.45531   42.802       -170.216 -7.86127  178.742
33     11.788 -9.10284  42.5908       -169.873 -7.47525  178.407
34    12.6012 -8.35508  42.2676       -169.084 -6.86254  178.193
35    13.0014 -8.22339  42.2162       -168.886 -6.78066  178.398
36    13.3431 -8.83538  42.2217        -169.42 -6.85775  179.548
37     13.436 -9.52596  42.3343       -169.693 -7.32342 -179.386
38   13.4531 -9.9415 42.5143       -169.764 -7.82868 -178.617
39    13.3499 -9.40847  42.5006       -169.367 -8.24406 -179.384
40    13.1131 -8.11603   42.523       -168.982 -8.37788  179.275
41    13.0424 -7.63491  42.5886       -168.444 -8.31652  179.174
42    13.1568 -7.93668  42.6126       -168.311 -8.28244  179.876
43    13.2615 -8.64967  42.6674       -168.722 -8.34195 -179.131
44    13.5886 -9.71234  42.8531       -169.019 -8.28927 -177.936
45    13.8992 -10.3555  43.0185       -168.435 -7.88828 -176.947
46    14.1242 -10.8486   43.199       -168.041 -7.77543 -176.161
47    14.1586 -10.6454  43.1785       -168.086 -7.63328 -176.358
48    13.8983 -10.1359  43.1624       -168.104 -7.97041 -176.828
49    13.7082 -9.86875  43.0951       -168.264 -7.91092 -176.882
50    13.513 -9.7139 43.0384        -168.28 -8.09775 -176.829
51    13.3366 -9.71251  42.8975       -168.797 -8.29162 -177.065
52    13.0166 -9.91184  42.9349       -169.601 -8.74019 -177.433
53    12.8228 -10.1332  42.9419       -170.078 -9.04362 -177.344
54    12.8621 -10.2285  42.3508       -170.517 -9.33246 -177.425
55    10.7145 -10.9563  42.4115       -171.089 -6.49971 -178.538
56    10.2882 -10.8644  42.0913       -171.541 -6.70998 -179.139
57    9.96061 -11.0881   42.164       -171.498 -6.58427 -179.113
58    9.68867 -11.4636  42.2943       -171.491 -6.28883 -178.668
59   9.48753 -11.473 42.5182       -171.459 -6.21154 -178.601
60    9.53383 -11.1017  42.8969        -170.52 -5.98585 -178.554
61    9.66441 -10.8366  43.0663       -169.987 -5.63664 -178.486
62     9.8678 -10.8174  43.2352       -169.362 -5.28146 -178.209
63    10.0085 -10.8667  43.3448       -169.195  -5.1274 -178.013
64    10.1134 -10.8931  43.4132       -169.102 -4.88396 -177.884
65     10.027 -10.8816  43.3557       -169.227 -4.85246 -178.007
66    9.89187 -10.7043  43.2827       -169.416 -4.89878 -178.216
67    9.77793 -10.5547  43.2509       -169.498 -4.84936 -178.494
68    9.62388 -10.3624  43.1431       -169.633 -4.83782 -179.288
69    9.60003 -10.1028  43.0049       -169.853  -4.8906 -179.808
70    9.41367 -10.0012  42.9378       -170.015 -4.75186  179.963
71    9.44933 -10.0915  42.9843       -169.918 -4.76415 -179.972
72   9.59865 -10.239  43.078       -169.777 -4.68414 -179.746
73     9.6635 -10.4948  43.1241       -169.635 -4.69681 -179.642
74    9.78615 -10.7336  43.1422       -169.195   -5.053 -179.664
75    9.87648 -11.0108   43.152       -169.144 -5.10021 -179.589
76    9.95436 -11.6064  43.1397       -169.166 -5.33438 -179.598
77   10.1031 -12.058 43.1764       -169.123 -5.41784 -179.521
78    10.3585 -12.6772  43.2886       -169.138 -5.49588 -179.494
79    10.4625 -12.9732   43.359       -168.904 -5.50814 -179.443
80    10.4442 -13.3661   43.447       -168.576 -5.73077 -179.526
81    10.3642 -13.3253  43.3728       -168.654 -5.73931 -179.751
82   10.1657 -12.966 43.2579       -168.578 -5.75921  179.714
83    9.98862 -12.6885  43.1935       -168.486 -5.79057  179.402
84    9.74569 -12.3128  43.0884       -168.601 -5.79679  178.909
85    9.66114 -12.0333  43.0349       -168.584 -5.70353  178.649
86    9.54516 -11.6393   43.001        -168.54 -5.63708  178.339
87    9.44984 -11.4394  42.9849       -168.567 -5.59834  178.211
88    9.37975 -11.1621  42.9247       -168.635  -5.4267  178.036
89    9.34359 -11.0368  42.9257       -168.608 -5.43265  177.921
90    9.29783 -10.8102   42.871       -168.696  -5.2727  177.545
91   9.20302 -10.693 42.8472       -168.581 -5.23567   177.43
92    9.00526 -10.5184  42.8128       -168.593 -5.35807  177.194
93   8.98951 -10.676 42.8604       -168.489 -5.37914  177.403
94    9.10664 -10.9325  42.8608       -168.604 -5.35175  177.754
95    9.25082 -11.1584  42.8848       -168.703 -5.39064  177.988
96    9.52798 -11.6097  43.0563       -168.403  -5.4779  178.406
97    9.73311 -11.9209  43.1629       -168.186 -5.53335   178.79
98    10.1163 -12.3354  43.2423       -167.927 -5.59544  178.988
99    10.2597 -12.5467   43.232        -167.82 -5.69638  178.989
100    10.2029 -12.8752  43.1298       -167.805  -5.9853  178.717
101    10.194  -13.09 43.0822       -167.865 -6.17032  178.567
102    10.2787 -13.3969  43.1138       -167.684 -6.20926  178.443
103     10.391 -13.4587  43.0642       -167.613 -6.24579  178.178
104     10.329 -13.4951  43.0317       -167.377 -6.29176   177.86
105    10.3796 -13.4833  43.0023       -167.249 -6.23246  177.635
106     10.364 -13.3954  42.9588       -167.073 -6.19662  177.493
107    10.2679 -13.2001  42.8833       -167.055 -6.18021  177.152
108    10.1043 -12.8587   42.841       -166.841  -6.1274  176.816
109    10.0206 -12.5706  42.8623       -166.613 -6.00379  176.689
110    9.90265 -12.2512  42.8171       -166.537 -5.87481  176.585
111     9.7876 -12.0939  42.7723       -166.741 -5.86504  176.461
112     9.6525 -11.7144  42.7936       -166.665 -5.80686  176.359
113    9.55252 -11.4149  42.8257       -166.45 -5.7846 176.234
114    9.36023 -11.0062  42.8496       -166.315 -5.77036  175.979
115    9.25614 -10.7799  42.8556       -166.222 -5.79159  175.852
116    9.03973 -10.3838  42.7314        -166.48 -5.70228  175.467
117    8.95895 -10.1497  42.6323       -166.424 -5.75887  175.312
118    8.87205 -10.0133   42.594        -166.58 -5.61216  175.479
119    8.93345 -10.0702  42.6506       -166.492 -5.51728  175.776
120    9.08344 -10.3214  42.6931       -166.221 -5.45257  176.278
121    9.10716 -10.5351  42.5747       -166.431 -5.40462  176.544
122    9.25363 -10.9653  42.4602       -166.735 -5.36457  176.867
123    9.50439 -11.1412  42.4483       -166.689 -5.19839  177.079
124    10.0664 -11.2211  42.4726       -165.679 -4.66477  177.265
125    10.5098 -11.3525  42.4835       -164.818 -4.04881  177.596
126    10.8863 -11.6845  42.4126       -164.429 -4.05527  178.003
127    10.9753 -11.9751   42.375       -164.549 -4.09448  178.089
128      11.13 -12.3026  42.3616       -164.496 -4.18607  178.226
129     11.214 -12.4515  42.2607       -164.483  -4.2201  178.169
130    11.3607 -12.7389  42.0812       -164.499 -4.36084  178.058
131    11.4313 -13.0829  42.0433       -164.442 -4.37538  178.117
132    11.5274 -13.4274  42.0196       -164.642 -4.45888  178.054
133    11.6026 -13.5155  42.0398       -164.449 -4.47682  178.006
134    11.6654 -13.5996  42.0763       -164.271 -4.55296  178.051
135    11.6195 -13.5856  42.0509       -164.343 -4.63199  177.958
136    11.5581 -13.3557  42.0444       -164.195 -4.58554  177.823
137   11.5329 -13.103 42.0499       -164.004  -4.5539  177.689
138    11.5244 -12.7173  42.0676       -163.781 -4.43069  177.621
139    11.3906 -12.5185  42.0677       -163.659 -4.32571   177.55
140    11.3264 -12.1277  42.0069       -163.633 -3.99948  177.543
141    11.2619 -11.9335  41.9956       -163.303 -3.98692    177.6
142    11.1765 -11.5893  41.9808       -163.262 -3.76592  177.772
143    11.1796 -11.4062  41.9768       -163.043  -3.7455  177.897
144    11.1368 -11.2264  42.0014       -162.843  -3.5707   178.25
145   11.0851 -11.258 42.0407       -163.034 -3.40125  178.594
146    11.0253 -11.2605  42.0307       -163.265 -3.47227  178.813
147    10.9994 -11.2716  42.0516       -163.553 -3.46189  178.939
148    10.9872 -11.3716  42.1181       -163.926 -3.33498  179.162
149   11.0475 -11.443 42.1477       -164.279 -3.36636   179.32
150    11.1122 -11.6444  42.2277       -164.757  -3.3964  179.684
151    11.1878 -11.7692  42.2687       -165.157 -3.40911   179.88
152     11.281 -11.9235  42.3271       -165.439 -3.39135   179.91
153    11.3483 -12.0226  42.4038       -165.422 -3.43561 -179.887
154    11.3699 -12.2522  42.4795       -165.769 -3.42347 -179.776
155    11.4711 -12.4254  42.5366       -165.724 -3.42153 -179.588
156    11.5747 -12.7388  42.6408       -165.797 -3.51324 -179.349
157    11.6227 -12.8419  42.6477       -165.751 -3.53825 -179.401
158    11.6745 -13.0209  42.6697       -165.484 -3.69751 -179.474
159    11.7829 -13.0899  42.6842       -165.062 -3.64321 -179.566
160    11.9208 -13.2883  42.7606       -164.803 -3.55378 -179.543
161    12.0181 -13.4529   42.802       -164.738 -3.63065 -179.641
162    12.2569 -13.7443  42.9238       -164.298  -3.5984 -179.455
163    12.2042 -13.8997  42.9372       -164.297 -3.57334 -179.434
164     11.957 -13.8109  42.8426       -164.371 -3.66536 -179.606
165    11.7828 -13.7035  42.7942       -164.414 -3.67143 -179.753
166    11.5657 -13.3604  42.7249        -164.54 -3.57164 -179.975
167    11.4809 -13.1577  42.7561       -164.539 -3.57037 -179.962
168     11.359 -12.8952  42.8061       -164.496 -3.44741 -179.996
169     11.289 -12.6812  42.8131       -164.397  -3.4795  179.935
170    11.0493 -12.3944  42.8653       -164.294   -3.393  179.954
171   10.9315   -12.2 42.8789       -164.259 -3.30009  179.956
172    10.8142 -11.8573  42.8549       -164.168 -3.25463  179.897
173   10.6172 -11.622 42.8319        -164.17 -3.13477  179.777
174    10.4684 -11.3708  42.8054       -164.177 -3.18185  179.695
175    10.5098 -11.4184  42.8223       -164.293 -3.23248  179.713
176    10.6531 -11.6171  42.9068       -164.292 -3.15266  179.929
177    10.8409 -11.6472  42.9515       -164.126  -3.1167 -179.936
178    10.9372 -11.7823  43.0397       -163.867 -3.18349 -179.726
179    10.9051 -11.9025  43.0776       -163.813 -3.33695 -179.605
180    11.0465 -12.0395  43.0842       -163.694 -3.57797 -179.656
181   11.1328 -12.269 43.1393       -163.622 -3.61927 -179.502
182    11.2679 -12.6889   43.134       -163.725  -3.8348 -179.345
183    11.3955 -12.9265  43.1386       -163.946 -3.87812  -179.38
184   11.5839 -13.141 43.2204       -164.094 -3.95642 -179.444
185    11.7009 -13.2584  43.2581       -164.116 -3.98555 -179.453
186    11.7053 -13.3027  43.2423       -164.142 -4.02433 -179.519
187    11.6364 -13.2099  43.1808       -164.288 -3.98448 -179.794
188    11.4453 -12.7124  43.1113       -164.263 -3.87517  179.849
189    11.3361 -12.3815  43.1204       -164.147 -3.78843  179.739
190    11.0899 -12.0874  43.1297       -164.056 -3.69234  179.685
191    10.9044 -11.9372  43.1554       -164.176 -3.59353  179.806
192   10.7357 -11.519 43.1583       -164.045 -3.52373  179.606
193    10.6301 -11.2504  43.1725       -163.914 -3.42128  179.584
194   10.4315 -10.931 43.1455       -163.968 -3.34023  179.481
195    10.3477 -10.7295  43.1226       -163.982 -3.33445  179.392
196    10.2355 -10.4753  43.1049       -163.874 -3.25419  179.302
197    10.2433 -10.3026  43.0647       -163.842  -3.3002  179.179
198    10.1651 -10.2502  43.0682       -163.791 -3.22636  179.103
199    10.1878 -10.1579  43.1194       -163.749 -3.24777  179.214
200    10.1016 -9.95973  43.1518       -163.863 -3.07541  179.158
201    9.97544 -9.92264  43.2663        -163.92 -3.03048  179.346
202    9.85248 -9.72816   43.365        -163.82 -2.98462  179.545
203     9.7175 -9.40084  43.3134           -164 -2.73812  179.259
204    9.65191 -9.00434  43.3907       -163.772 -2.67341  179.292
205      9.579 -8.70708  43.4037       -163.681 -2.52502  179.266
206   9.42017 -8.4558 43.4742       -163.535 -2.36632  179.382
207    9.43947 -8.35554  43.4874       -163.448 -2.47145  179.386
208    9.30087 -8.21697  43.4648       -163.402 -2.42466  179.512
209     9.2583 -8.30689    43.48       -163.393 -2.43458   179.64
210    9.29251 -8.45645   43.471       -163.398 -2.54706  179.732
211    9.29973 -8.59401  43.4529       -163.446 -2.63565  179.747
212    9.26118 -8.85216  43.3969        -163.83 -2.84018  179.572
213    9.24318 -9.08643  43.4326       -164.021 -2.79153  179.578
214    9.49645 -9.31942  43.5129        -163.98 -2.88872  179.675
215    9.50919 -9.49254  43.4724       -164.155 -2.94655  179.576
216    9.54352 -9.74323  43.4131       -164.314 -3.08192   179.63
217    9.58612 -9.89287  43.4036       -164.396  -3.1234  179.676
218    9.68048 -10.0696   43.424       -164.533 -3.12977  179.718
219    9.78204 -10.1696  43.4289        -164.53 -3.18479  179.693
220    9.80671 -10.2871  43.4507       -164.498 -3.23142  179.766
221    9.88851 -10.4289  43.4165       -164.453 -3.36129  179.782
222    9.87372 -10.6587  43.4144       -164.425 -3.44391  179.881
223   9.94686 -10.739 43.4372       -164.383 -3.44542 -179.947
224    10.0515 -10.8419  43.4647       -164.359  -3.4698 -179.737
225    10.0795 -10.9701  43.4694       -164.343 -3.41005 -179.544
226    10.3374 -11.1535  43.5173       -164.239 -3.48826 -179.143
227    10.4133 -11.3608  43.5216       -164.268 -3.53203 -178.985
228    10.4567 -11.6486   43.547       -163.874 -4.10678  -178.33
229    10.5497 -11.8415   43.561       -163.702 -4.35039 -178.056
230    10.5464 -11.9854  43.5695       -163.709 -4.39702 -178.013
231    10.5777 -12.0871  43.5941       -163.755 -4.37049  -177.92
232    10.6024 -12.2127  43.5608       -163.666 -4.68358 -177.852
233    10.6353 -12.4178  43.5522       -163.672 -4.72311 -177.806
234    10.6096 -12.5665  43.5562       -163.715 -4.72483 -177.762
235   10.6508 -12.524 43.5392       -163.783 -4.76732 -177.872
236     10.705 -12.5476  43.5885       -163.734 -4.77576 -177.932
237    10.6495 -12.5976  43.5832        -163.79 -4.73947 -177.912
238     10.652 -12.6916  43.5787       -163.792 -4.78399 -177.891
239    10.5923 -12.6759  43.5824       -163.838 -4.76699 -177.914
240    10.5633 -12.5818  43.6056       -163.742 -4.78835 -177.926
241    10.6114 -12.5382  43.6002       -163.703 -4.83529 -177.984
242    10.5579 -12.5481  43.6103         -163.7  -4.7998 -178.009
243     10.495 -12.4609   43.627       -163.663 -4.73769 -178.008
244    10.4935 -12.2727  43.5804       -163.594 -4.79921 -178.105
245    10.3358 -12.1598  43.5667        -163.64 -4.69824 -178.196
246   10.3095 -12.036 43.5708       -163.598 -4.70858 -178.298
247    10.2711 -11.9838  43.5492       -163.645 -4.65529 -178.404
248      10.12 -11.8413  43.5029       -163.744  -4.5849 -178.436
249    10.0818 -11.7501  43.4826         -163.7 -4.68411 -178.512
250    10.0109 -11.5794  43.5083       -163.664 -4.59635 -178.559
251    10.0392 -11.5331  43.5052       -163.659 -4.54498 -178.666
252    10.0649 -11.4659  43.5225       -163.578 -4.53293 -178.699
253   10.0727  -11.37 43.4885       -163.664 -4.50326 -178.803
254    9.95727 -11.2615  43.4656        -163.65 -4.50676 -178.912
255   9.86117 -11.164 43.4308       -163.789 -4.46349 -179.023
256   9.81654 -11.109 43.4003       -163.883  -4.4169 -179.099
257    9.85699 -11.0946  43.3949        -163.94 -4.35231  -179.18
258    9.90689 -11.0691  43.4167       -163.943 -4.29946 -179.271
259    9.89362 -11.0072  43.4483       -163.889 -4.22379 -179.317
260    9.86415 -10.8926  43.4567       -163.738 -4.16559 -179.413
261      9.785 -10.8138  43.4512       -163.728 -4.12445 -179.441
262    9.63349 -10.5937  43.3378       -164.003 -4.17586 -179.843
263    9.51475 -10.5496  43.3586       -163.901  -4.1374 -179.837
264    9.49721 -10.4207  43.3157       -163.879 -4.13018 -179.976
265    9.50956 -10.4128   43.356       -163.803  -4.0814 -179.946
266    9.63896 -10.4302  43.4298       -163.657 -4.05524  -179.84
267    9.65023 -10.4148  43.4595       -163.621 -3.97903 -179.786
268   9.62371 -10.484 43.4643       -163.541 -4.09635 -179.593
269    9.67575 -10.5329  43.4547        -163.54  -4.1351 -179.592
270    9.79135 -10.5669  43.4701       -163.515 -4.20148 -179.541
271    9.74679 -10.6744  43.5219        -163.45 -4.11058 -179.365
