22     11.105 -12.9158  45.7402        -169.15 -6.97875 -175.842
23     9.8652 -13.4153  46.0561       -168.946 -7.02374 -175.399
24    10.1763 -11.8742  44.5363       -170.572 -7.70787 -179.083
25    10.0116 -10.3589  43.4063       -171.859 -7.94954  178.139
30    10.3748 -9.30212  43.4091       -170.909 -9.23716  177.672
31    10.9597 -9.53192  43.2039       -170.496  -8.5818  178.706
32    11.5361 -9.43647  42.8063       -170.223 -7.89214  178.777
33    11.8723 -9.05677   42.571       -169.866 -7.61314  178.453
34    12.6285 -8.35583  42.2643       -169.083 -6.91538  178.195
35    13.0408 -8.19788  42.2113       -168.882  -6.8539  178.428
36    13.3124 -8.75306  42.2273       -169.419 -6.85418  179.671
37   13.3886 -9.4576   42.34       -169.692 -7.29942 -179.275
38    13.3777 -9.78311  42.5165       -169.762 -7.79183 -178.385
39    13.3585 -9.27557  42.4929       -169.371 -8.31136 -179.204
40    13.0877 -8.06875  42.5227       -168.981  -8.3822  179.358
41    13.0816 -7.58831  42.5748       -168.446 -8.40663  179.235
42    13.2109 -7.90833  42.6019       -168.304 -8.38117   179.91
43    13.2576 -8.56227  42.6594       -168.722  -8.3838 -179.007
44    13.5426 -9.54602  42.8598       -169.022 -8.29554 -177.701
45    13.7952 -10.1648  43.0345       -168.455 -7.82821 -176.667
46    14.0244 -10.5813  43.2129       -168.046 -7.74263 -175.787
47    14.0485 -10.4263  43.1968       -168.098 -7.57698 -176.039
48    13.7844 -9.90177  43.1801       -168.116   -7.911 -176.492
49    13.6443 -9.72525  43.1029       -168.272  -7.8939 -176.669
50    13.4163 -9.49909  43.0468       -168.288 -8.05599 -176.523
51    13.2817 -9.54065  42.8996       -168.806 -8.29243 -176.818
52   12.9467 -9.7647 42.9434       -169.609 -8.71161 -177.213
53     12.781 -9.97404  42.9482       -170.091 -9.05204 -177.116
54   12.8115 -10.112 42.3591       -170.528 -9.32044 -177.246
