46    28.1553 -24.6208  50.8383        179.619 -16.5568   157.47
47     29.257 -24.8152  50.3195       -179.613 -17.4372  156.256
48    28.9048 -24.7028   50.385       -179.766 -16.8415  155.427
49   27.3567 -24.853 50.8726       -179.637 -18.0076  154.976
50    26.9992 -25.5908  50.8897       -179.114 -22.0264  154.132
51    27.5637 -25.7605  50.6551       -179.474 -23.3155  154.493
52   27.4553 -26.182 50.7398        -179.12 -23.0833  154.223
53   27.1243 -25.979 51.0124       -178.918 -22.8725  154.347
54   27.9145 -25.792 50.2791       -178.659  -23.738  154.126
55   27.3068 -25.872 50.4603         -178.9 -22.8968   154.23
56    27.6517 -25.8873  50.3144       -178.973 -23.2266  154.441
57    27.3474 -25.8112  50.6037       -179.148 -22.6979  154.655
58    27.8181 -25.9038   50.302       -179.037 -23.0971  154.618
59    27.3451 -25.8624  50.5274       -179.199 -22.6235  154.823
60    27.7129 -25.7485  50.2485        -179.29 -23.1203  154.901
61   27.0929 -25.833 50.4934       -179.478 -22.5207  154.885
62    27.4084 -25.8435   50.297       -179.296 -23.0641  154.811
63    26.8871 -25.8167  50.5815       -179.696 -22.6065  154.947
64    27.4132 -26.0854  50.4641       -179.466  -23.028  155.126
65    27.0708 -26.0363  50.9865       -179.097 -22.5787  155.581
66    27.8357 -25.8556  50.9752       -179.026 -22.8029  155.731
67    27.2152 -26.0763  51.3228       -179.305 -21.9235   155.63
68    27.5947 -25.9957  51.0372       -179.097 -22.0022  155.533
69    27.0289 -26.2132  51.1822        -179.11 -21.6557  155.593
70    27.3114 -26.1117  51.1934       -178.922 -22.3096  156.194
71    27.1108 -26.2216  51.2865       -178.741 -22.3324  156.356
72    27.8507 -25.9021  50.9358       -178.507 -22.9279  156.515
73   27.1696 -26.133 51.0908       -178.627 -22.1296  156.374
74     27.781 -25.8638  50.7262       -178.477 -22.4081  157.061
75    27.1486 -25.7385  51.0534       -178.245 -21.6681  157.522
76     27.745 -25.3922  50.8049       -177.803 -22.2258  157.618
77    27.0589 -25.7683  50.9479       -178.102 -21.6839  157.381
78    27.0799 -25.3082  51.0148       -178.283 -22.1937  157.892
79     26.434 -25.1133  51.1971       -178.335  -22.119  157.961
80    27.0168 -24.2226  50.4101       -178.077  -23.206  157.906
81   26.1337 -23.837  50.281       -178.489 -22.4311  157.946
82   26.7977 -23.085 49.5532       -178.565  -22.961  158.483
83    26.5944 -22.8452  49.3655       -178.869 -22.2766  158.693
84    26.8987 -22.5914  49.1259       -178.709 -22.3003  158.885
85   28.4781 -21.398 48.5597       -178.764 -23.8526  159.967
86    29.0587 -20.7755   48.163        -178.76 -23.9465  160.204
87    28.6694 -20.7188   48.241       -178.947 -23.1012  159.986
88    28.7592 -20.3743   48.022       -179.056 -23.1222  160.255
89    28.6719 -20.0052  48.0545       -179.174 -22.9354  160.675
90    28.5562 -18.9891   47.892       -179.149 -23.0033   161.52
91    28.7786 -18.7566  47.4686       -178.965 -23.0947  161.281
92    28.5181 -18.2585  47.1713       -179.286 -22.4931  161.641
93     28.198 -18.0944  47.0645       -179.616 -22.1304  161.999
94     28.446 -17.3592  46.6553       -179.758 -22.4122  162.896
95    28.2762 -17.6452  46.4341        179.833 -21.7736  163.049
96    28.2532 -16.8753  46.3044       179.353 -21.704 165.348
97    26.7939 -15.8793  47.2437        178.229 -19.7819  166.838
98    26.6327 -15.5857  46.9377        177.351 -19.7119   168.05
99    26.5678 -15.4158  46.9968        177.452 -20.2478  168.629
100    26.9524 -14.7155  46.7569        176.633 -20.4294  169.744
101    26.9617 -15.4698  46.6131        175.417 -19.6013  169.643
102    24.6001 -13.4014  48.5749        173.329 -18.2893  174.068
103    26.4888 -14.6139  47.5543        173.183 -20.5578  173.114
104      25.84 -14.1957  47.6663          172.8 -19.5185  173.973
105    25.5763 -14.4066  47.7132        172.669 -19.4203  173.974
106    25.1859 -14.0383  47.6598        172.133 -19.2735  174.791
107    24.4576 -14.2935  47.6779        171.592 -19.3114  174.403
108    23.0806 -14.1676  47.7857        169.973 -18.7827  175.077
109    22.3239 -14.7042  47.8257       169.733 -19.022 174.937
110    21.7495 -14.3755  47.6989        168.961 -19.3522  175.799
111    20.8865 -14.9534   47.696        169.075 -19.0388  175.263
112    20.8697 -14.3908  47.2107       169.428  -18.66 175.688
113    20.3274 -14.5748  46.8597        169.504 -17.6517  174.035
114    19.9711 -15.1593  46.3942         168.15 -17.2366  172.351
115    18.3182 -15.1194  46.7425       167.995 -15.184  171.04
116    17.6719 -15.6005  46.5139        166.943 -14.3573  169.176
117    14.4949 -15.9646  47.1536        166.943 -10.7778  167.847
118    13.0439 -14.9162  47.1243        166.234 -9.52923   168.11
119    13.9522 -15.2233   46.591         166.41 -10.7252  167.315
120     12.272 -15.4267  46.3922        165.915 -8.86782  166.257
121    12.3081 -15.5867  46.1315        165.774 -8.68248  165.849
122    11.8224 -15.8561  45.8232        165.057 -7.66295  165.253
123    11.3146 -15.4565  45.6911         164.68 -6.70985   165.36
124    10.5648 -15.9145  45.3902        163.913 -5.71358   164.83
125    10.0593 -15.7798  45.3194        163.716 -5.58223  165.117
126    8.84253 -15.9038  45.1701        163.225 -5.22612  165.309
127    9.11368 -16.3957  44.9657        163.844 -5.99661  165.417
128   8.58095 -16.573 44.8406        164.135 -5.29778  165.562
129    8.19931 -16.5165  44.7705       164.306 -5.2049 165.691
130     8.1256 -16.4842  44.8614         164.53 -5.41624   166.23
131    8.46301 -16.8861  44.8036        165.335 -6.02604  166.065
132     8.0229 -17.0882  45.1913       165.643 -5.9756 166.658
133    8.86096 -17.8012   45.302        166.065 -6.94554  166.954
134    7.47944 -17.3529  46.0001        166.034 -5.89925  167.998
135     8.0998 -18.3758  45.9815        166.466 -7.44676   167.23
136    7.50936 -18.3003  46.3792         166.53 -7.37599   167.94
137     7.7523 -19.1135  46.4403        167.076 -8.26883  167.387
138    7.50425 -20.1787  46.5675        167.056 -8.79852  167.171
139    7.51205 -20.3789  46.6146        167.018 -8.86417  167.327
140     6.6398 -22.8166  45.7364        167.423 -9.46147  164.349
141     7.3159 -20.5066  47.0571        168.725 -10.0919  167.153
142    8.70823 -20.2238  47.5929        170.024 -12.5101  167.014
143    19.6135 -12.0462  47.2432       170.849 -22.846 177.346
144    22.0587 -10.6299  46.3796        171.344 -25.3534  177.808
145    11.8602 -18.8988  48.3369       172.784 -14.833 166.338
146    14.0255 -16.9923  48.7012        172.945 -16.8898  168.132
147    14.4229 -15.3886  48.9957        173.199 -17.7656  168.864
148    3.27513 -33.9212  37.8411        175.635 -8.73742  142.736
149    3.41856 -33.4416  38.9395         175.85 -8.77992  144.867
150    4.10466 -34.0371  38.9843        176.031 -9.73011  145.612
151    13.8901 -23.2609  47.9462        176.151 -17.8465  162.728
152    14.6585 -26.7511  46.5855       177.321 -16.912 158.896
153    16.7742 -25.8504  47.0602        178.439 -16.6056  160.152
154     18.509 -25.2149   47.326       -179.616 -14.2862  159.956
155    20.2718 -25.9846  46.3634        -178.75 -14.3401  157.987
156    22.0953 -24.8286  46.0787       -178.418 -13.7608  157.517
157    23.1819 -24.4369  45.9442       -178.863 -13.3969    157.7
158    24.1733 -24.1382  46.3359       -178.741 -12.6474  157.978
159    25.4574 -23.6254  46.5261       -178.204 -13.0306  158.534
160    26.5478 -23.1957  46.7946        -178.19 -12.8251  158.984
161    27.2514 -23.0851  46.8377       -177.914 -12.9511  158.963
162   27.5127 -23.568 46.6824       -177.164  -12.359  158.357
163   28.8993  -23.63 46.2896       -176.768 -12.7438  158.217
164    29.5937 -23.8855  46.8109       -175.767 -12.0928  157.508
165    30.2315 -22.7012    47.65       -175.022 -11.7828  158.303
166    29.5941 -21.2147  47.9374        -176.16 -11.5216  159.235
167    29.0407 -22.0243  47.2882       -176.931 -11.4835  158.159
168    28.9176 -22.4175  47.1712       -176.226 -11.0441  157.301
169    29.2272 -21.7438  47.4026       -175.558 -11.3776   157.67
170    29.1903 -21.9163  47.2117       -175.326 -11.3385  156.924
171    30.1302 -20.5163  47.1026       -175.479 -12.1529   157.87
172   28.6262 -22.341 46.3397       -176.112 -10.4405  155.295
173    29.8356 -20.1785  46.6886       -175.684 -12.1283   157.77
174    30.2762 -19.9847    46.48       -175.504 -12.6471  157.689
175    31.3093 -17.9011  46.6923       -176.111 -13.1594   159.31
