46    29.0069 -25.1869  50.1632        179.768 -17.6126  156.806
47    29.2204 -24.9404  50.2104       -179.705 -17.4937   156.14
48    29.2385 -24.6281   50.155       -179.852 -17.3139  155.517
49    28.6187 -24.9455  50.2235        -179.43 -19.5096  154.777
50    27.6758 -25.3508  50.6076       -179.709 -22.9268  154.564
51    27.5482 -25.6211  50.7211       -179.806 -23.3408  154.761
52    27.7178 -25.6772  50.8025       -179.588 -23.3815  154.908
53    27.7068 -25.6273  50.7463       -179.367 -23.5747  154.819
54    27.6313 -25.3924  50.6027       -179.299 -23.4275  154.813
55     27.642 -25.3782  50.4924        -179.39 -23.2694   154.91
56    27.6729 -25.4348  50.5212       -179.489 -23.2358  155.115
57    27.6959 -25.4538  50.5242       -179.555 -23.0959  155.144
58    27.795  -25.45 50.5067       -179.583  -23.072  155.305
59    27.7135 -25.4636  50.5014       -179.614 -23.0306  155.376
60    27.5823 -25.3341  50.5094       -179.904 -22.9788  155.572
61    27.4737 -25.4346  50.4811       -179.825 -22.9198  155.418
62    27.3563 -25.3739    50.53        -179.97 -23.0287  155.552
63    27.2264 -25.3307  50.6314         179.84 -22.9599  155.615
64    27.384 -25.549 50.6892       -179.914 -22.9642  155.847
65    27.5457 -25.6571  50.8727       -179.521 -23.1141  156.084
66    27.6217 -25.6411  51.1142       -179.722 -22.6494  156.187
67    27.7314 -25.6271  51.1679       -179.673 -22.5014  156.174
68    27.5166 -25.6735  51.1085       -179.603 -21.9845  156.027
69    27.4502 -25.7031  51.1437       -179.545 -22.1158  156.249
70     27.443 -25.8021  51.1376       -179.372 -22.5157  156.626
71    27.4649 -25.8185    51.18       -179.145 -22.7575  156.856
72    27.4421 -25.7233  51.1258       -179.139 -22.5567  156.911
73    27.6001 -25.5575  51.0521       -179.004 -22.5946   157.05
74    27.5901 -25.3818  50.9673        -178.99 -22.2021   157.73
75    27.5634 -25.4199  50.8992       -178.514 -22.1367  157.872
76    27.4588 -25.2528  50.9316       -178.431 -21.9998  157.954
77    27.3824 -25.1955  51.0012       -178.546  -22.031  158.076
78     27.009 -25.0273  51.1067        -178.77 -22.1611  158.316
79    26.9048 -24.7122  51.1014       -178.629 -22.6237  158.406
80     26.665 -23.8752   50.708       -178.715 -22.8295  158.482
81    26.5714 -23.3086  50.3225       -178.862 -22.8695  158.586
82    26.5339 -22.6244  49.9481       -179.083 -22.5904  159.162
83    26.5406 -22.3759  49.7419       -179.337 -22.0977  159.375
84    26.6529 -22.1906  49.5714       -179.199 -21.9312  159.509
85    26.7583 -21.9726  49.4821       -179.134 -21.7871  159.576
86    26.8224 -21.6742  49.3357       -179.201 -21.2646  159.518
87    26.8901 -21.3835  49.2423       -179.303 -20.9394  159.503
88    26.8924 -20.9832  49.1421       -179.465  -20.825  159.853
89    26.8396 -20.6142  49.1151       -179.564 -20.7178  160.255
90   26.7497 -20.028 48.8663       -179.402 -20.7866  160.588
91   26.7223 -19.523 48.6755       -179.391 -20.5535  160.728
92    26.6926 -18.8128  48.3562       -179.767 -20.1816  161.299
93    26.6479 -18.5366  48.1442       -179.894 -20.1208  161.698
94    26.6389 -18.1579  47.8498        179.878 -20.0745  162.223
95   26.5164 -17.886 47.7326        179.417 -19.4463  163.001
96    26.555 -17.579 47.4889         178.99 -19.4732  164.736
97    26.3941 -17.2164  47.2527        178.178 -19.4558  165.401
98    26.2721 -16.9658  47.0394        177.555 -19.3637  166.456
99    26.3419 -16.9001  47.0357       177.688 -20.069 166.908
100    26.2803 -16.5987   47.018        176.587 -19.7568  167.667
101   26.3101 -16.342 46.9957        175.387 -18.8651  168.639
102    26.0165 -16.2434   47.416        174.106 -20.4995  170.924
103    26.0142 -16.1034  47.3061        173.886 -20.2541  171.183
104    25.8182 -15.9964  47.3016        173.416 -19.8076  171.787
105   25.5349 -15.988 47.3274        173.181 -19.6655  172.053
106    24.8557 -16.0161  47.4368        172.768 -19.2351  172.361
107    24.0847 -16.0492  47.4647        171.876 -19.2166   172.31
108   22.7692 -16.152  47.545          170.8 -18.8353  172.589
109    21.8301 -16.2369  47.6907        170.291 -18.7501  172.967
110    20.5417 -16.2313  47.8165       169.698 -18.324 173.281
111    19.8629 -16.2645  47.7841        169.723 -18.0788  173.393
112    19.1344 -16.1827  47.5439        170.211 -16.9271  173.105
113    18.5795 -16.0046  47.2397         169.73 -15.8142  171.973
114     17.786 -15.8962  47.0087        169.305 -14.7207  170.744
115   17.1827 -15.857  46.922        168.815 -13.9987  169.767
116    16.4509 -15.7712  46.8139        167.984 -12.9228  168.475
117    16.0087 -15.8744  46.8195        167.701 -12.5198  168.235
118   14.9461 -15.854 46.6811        167.164 -12.0055  167.481
119    14.3632 -15.6732  46.4315        167.029 -11.3316  166.871
120     13.639 -15.5807  46.2088        166.857 -10.4878  166.398
121    13.3002 -15.5277   46.056        166.404 -9.81743  166.187
122    12.9315 -15.5478  45.8228       165.928 -8.8403 165.913
123    12.5843 -15.4647  45.6525       165.351 -8.2049 165.754
124    12.1397 -15.6275  45.4186       164.828 -7.4402 165.674
125    11.4831 -15.8349  45.3531       164.431  -7.276 165.559
126    10.5411 -16.1205  45.1938        164.242 -7.26578  165.663
127    10.2076 -16.3366  45.1261        164.664 -7.23677  165.894
128    9.86929 -16.5345  44.9841        164.944 -6.77274  166.065
129    9.56121 -16.6511  44.9263        165.052 -6.84165  166.029
130    9.33358 -16.8662  44.9313        165.565 -6.91478  166.189
131    9.32146 -17.0157  44.9869        165.992 -7.04988  166.222
132    9.36797 -17.4592  45.2784        166.593 -7.61364  166.646
133    9.43487 -17.9292   45.483       166.657 -7.5997 167.011
134    9.17211 -18.6624  45.8442          167.1 -8.17775  166.954
135    8.90091 -18.9934  45.9633        167.205 -8.48129  166.741
136    8.67913 -19.6669  46.1201         167.69 -8.99788  166.644
137    8.54484 -20.1982  46.2539       167.887 -9.3846 166.316
138    8.41862 -20.5635  46.5813        168.066 -9.77438  166.942
139    8.36051 -20.9445  46.5656        167.918 -9.81799  166.854
140    8.33772 -21.8634   46.289       168.925 -10.695  165.76
141    8.28331 -22.2248  46.4072        169.877 -11.4311  165.207
142    8.36478 -22.8134  46.6136       171.308 -12.511 163.752
143    8.46384 -23.1935  46.7208        171.855 -12.5312  162.816
144    8.56548 -23.6255  46.6925        172.555 -12.3546  160.985
145     8.5257 -23.9009  46.5532         172.97 -12.2225  160.015
146    8.60441 -24.2115  46.6186       173.184 -12.368 159.068
147     8.6985 -24.5228  46.5326        174.269 -13.0754  157.552
148    8.88042 -25.0571  46.4957        175.369 -13.4806  157.014
149   9.00078 -25.334 46.6149        175.594 -13.7406   157.67
150     9.8896 -25.4345  47.0444        175.722 -14.6265  159.091
151    11.2432 -25.4431  47.2507        175.601 -15.4652  160.045
152    13.8324 -26.5135  46.9139        176.989 -15.9614  159.215
153    16.0859 -26.3613  46.9233        178.314 -15.9288  159.527
154    19.0382 -25.8685  46.7643       -179.806 -15.1071  159.184
155    20.3728 -25.4426  46.6147       -179.074 -14.5018  158.743
156    21.9849 -24.6031  46.2861       -178.823  -13.686  157.928
157   23.0158 -24.145 46.2062       -178.949 -13.1491  158.106
158    24.4988 -23.6878  46.4199       -178.414 -12.9265   158.39
159    25.4409 -23.4285  46.5785       -178.137 -13.0046  158.727
160    26.5702 -22.9788  46.7649       -178.072  -12.889   159.17
161   27.1468 -22.716 46.8659       -177.647 -12.8562  159.259
162    27.8787 -22.4434  46.9591       -177.019 -12.8063  159.575
163    28.7327 -22.2788  47.0282       -176.419 -12.4426  159.686
164    30.3358 -21.9707  47.3103        -175.23 -12.8859  159.424
165    30.7533 -21.4378  47.5618       -175.502 -12.6938  159.769
166    30.2899 -20.9479  47.4269       -176.769 -12.6429  159.645
167    30.0555 -20.8365  47.2562       -177.063 -12.7173  159.501
168    30.2375 -20.6243  47.1958       -176.416  -12.694  159.306
169    30.3733 -20.6635  47.1289       -176.033 -12.9587  158.957
170    30.5703 -19.9885   47.222        -175.79 -13.1597  159.148
171    30.8045 -19.4181  47.0491       -176.037 -13.1258  159.252
172    31.1286 -18.8284  46.6726       -176.255 -13.4784  159.264
173    31.2594 -18.0762   46.704       -176.112 -13.9101  160.228
174    31.3886 -17.7296  46.5915       -176.139 -14.1373  160.393
175    31.2762 -17.4765  46.5859       -176.892 -13.2909  160.106
