46    29.1866 -25.2088  50.0459        179.755 -17.8334  156.774
47    29.3869 -24.8986   50.183       -179.699 -17.6477  156.188
48    29.2941 -24.5987   50.162       -179.875 -17.3643  155.555
49    28.6196 -24.9186  50.2238       -179.414 -19.5041  154.794
50    27.8492 -25.2244  50.5904       -179.684 -23.0905  154.692
51    27.7999 -25.6729  50.5433       -179.774 -23.6407  154.678
52    27.6579 -25.7711  50.7678       -179.552 -23.3256  154.798
53    27.9979 -25.5172  50.6591       -179.347 -23.8838  154.922
54    27.7232 -25.3956  50.4587       -179.315 -23.5764  154.778
55      27.71 -25.3792  50.4323       -179.357  -23.338  154.892
56    27.8066 -25.4902  50.3434       -179.482  -23.428  155.028
57   27.7916 -25.461 50.4736       -179.545 -23.1975  155.134
58    28.0261 -25.5047  50.3092       -179.535  -23.358  155.203
59    27.8785 -25.5816  50.3075       -179.571 -23.2447  155.211
60    27.7016 -25.3466  50.3855       -179.917 -23.1459  155.546
61    27.6354 -25.5534  50.2986       -179.774 -23.1258  155.253
62   27.5056 -25.389 50.4057       -179.932 -23.2089  155.508
63    27.3919 -25.4129  50.4732        179.876 -23.1667  155.498
64   27.5085 -25.457 50.6884       -179.915 -23.0821   155.95
65    27.5974 -25.5833  50.8837       -179.506 -23.1531  156.161
66    27.6557 -25.5983  51.1141       -179.709 -22.6769  156.232
67    27.8046 -25.5869  51.1577       -179.643 -22.5636  156.209
68    27.8035 -25.6731  50.9445       -179.548 -22.2929  155.987
69    27.5591 -25.6768  51.0559       -179.586 -22.2661  156.267
70    27.5238 -25.7664  51.1159       -179.378 -22.6042   156.67
71    27.5231 -25.8196  51.1405       -179.105 -22.8078  156.839
72    27.6129 -25.6787  51.0388       -179.126 -22.7499  156.938
73    27.7422 -25.6155  50.9423       -178.963 -22.7606  156.965
74    27.6423 -25.2945  50.9718       -179.022 -22.2602  157.829
75    27.7775 -25.3925  50.8168       -178.478 -22.3648  157.881
76    27.6046 -25.2573  50.8746        -178.39 -22.1498  157.936
77    27.5066 -25.1761  50.9446       -178.535 -22.1752  158.087
78    27.1669 -24.9673  51.0624       -178.746 -22.3225  158.364
79   27.0667 -24.545 51.0796       -178.645 -22.7919   158.58
80    26.5977 -23.9169  50.7003       -178.733 -22.7709  158.444
81    26.7245 -23.2711  50.2545       -178.838  -23.038  158.613
82    26.5782 -22.5721  49.9412       -179.088 -22.6427  159.224
83    26.7503 -22.3455  49.6109       -179.347  -22.356  159.389
84    26.8283 -22.2452  49.4858       -179.125 -22.1243  159.428
85    26.8977 -22.0539  49.3584       -179.133 -21.9796  159.482
86    26.9627 -21.6791  49.2463       -179.182 -21.4358  159.502
87    26.9233 -21.4272  49.1861         -179.3 -21.0011  159.451
88   27.0227 -20.992 49.0544       -179.437 -20.9897  159.829
89    27.0216 -20.5964  49.0318       -179.543 -20.9192  160.265
90    26.9213 -19.8457  48.8153        -179.42 -20.9881  160.781
91    26.9569 -19.4689  48.5463       -179.377 -20.8462  160.767
92      26.81 -19.0271  48.2333       -179.742 -20.3419   161.06
93    26.7773 -18.4544  48.0864       -179.904 -20.2813  161.789
94    26.8187 -18.1531  47.7456        179.891 -20.3055  162.225
95    26.6454 -17.9981  47.6433        179.442 -19.6208  162.879
96   26.7814 -17.494 47.4086        179.023 -19.7404  164.827
97    26.5917 -17.2865  47.1337        178.205 -19.7029  165.326
98    26.4289 -16.8732  46.9837        177.571 -19.5499  166.569
99    26.4834 -16.7788  46.9871        177.701 -20.2391  167.051
100    26.4096 -16.5748  46.9468         176.59 -19.9273  167.705
101     26.425 -16.3308  46.9521        175.407 -19.0089  168.667
102    26.0832 -16.3181   47.364        174.105 -20.6068  170.863
103    26.0793 -16.1342   47.263        173.892 -20.3525  171.168
104    25.8895 -16.0303  47.2664        173.404 -19.9119  171.775
105    25.6481 -15.9793  47.2779        173.179 -19.8129   172.09
106    24.9566 -16.0449  47.3859        172.784 -19.3722  172.355
107    24.2296 -16.0621  47.3992        171.877 -19.4022  172.336
108    22.8795 -16.1991  47.4927        170.807 -18.9878  172.569
109    21.9856 -16.3003  47.6155        170.302 -18.9633  172.937
110     20.719 -16.2886  47.7338        169.712 -18.5619  173.262
111    20.0403 -16.2704  47.7111        169.718 -18.3058  173.435
112    19.2978 -16.2005  47.4827        170.219 -17.1344  173.124
113    18.8059 -16.0067  47.1652        169.738 -16.0896  172.022
114    18.0155 -15.9826  46.9137        169.322 -15.0223  170.694
115    17.4135 -15.8828  46.8394         168.82 -14.2852  169.788
116    16.7119 -15.8592   46.716        167.999 -13.2587  168.429
117    16.3216 -16.0062  46.7167        167.723 -12.9229  168.155
118    15.2508 -16.0576    46.56          167.2 -12.4231   167.31
119    14.7553 -15.9701  46.2746        167.061 -11.8839  166.616
120     13.951 -15.8629  46.0862         166.91 -10.9347  166.135
121    13.7002 -15.7783  45.9255        166.445 -10.3628  165.989
122    13.2365 -15.7943  45.7142        165.966 -9.27171  165.692
123    12.8762 -15.6708  45.5646       165.381 -8.6094 165.581
124   12.4406 -15.883 45.3097        164.851 -7.87581  165.445
125    11.7698 -16.0135   45.269        164.465 -7.66611  165.416
126    10.8511 -16.3348  45.1036        164.289 -7.69919  165.484
127    10.5274 -16.5491  45.0353       164.708  -7.678 165.718
128    10.1485 -16.6589  44.9111        164.979 -7.13681  165.976
129    9.78268 -16.7934  44.8626        165.087 -7.14132  165.903
130    9.56301 -16.9534  44.8781        165.598 -7.20466  166.128
131    9.57031 -17.1209  44.9247        166.035 -7.36804   166.14
132    9.58874 -17.5322  45.2312       166.627 -7.8865 166.593
133    9.62477 -17.9159  45.4522        166.68 -7.8115 167.053
134    9.37209 -18.6833  45.8133       167.118 -8.4084 166.961
135    9.14867 -19.0234  45.9325         167.24 -8.76713  166.749
136    8.94337 -19.7068  46.0799        167.729 -9.30554   166.64
137    8.69855 -20.2406  46.2093        167.921 -9.56415  166.281
138    8.42235 -21.3008  46.2427        168.132 -10.0077  166.038
139    8.32443 -21.6584  46.2237        167.971 -10.0043  165.966
152    13.9635 -26.5949  46.8218        177.042 -16.1125  159.097
153    16.1586 -26.3577  46.9034        178.328 -16.0099  159.523
154    19.2595 -25.7491  46.7613       -179.802 -15.3529  159.312
155    20.5323 -25.4186   46.574       -179.039 -14.6689   158.75
156    22.0512 -24.6457  46.2164       -178.804 -13.7659  157.858
157    23.0553 -24.0539  46.2586       -178.961 -13.1678  158.217
158    24.5289 -23.6284  46.4408        -178.41 -12.9457  158.456
159    25.4983 -23.3605  46.5975       -178.136 -13.0551  158.806
160    26.6924 -22.8407   46.803       -178.062 -12.9926  159.324
161    27.2387 -22.6625  46.8974       -177.641 -12.9289  159.321
