6   13.3097 -12.425 44.7684       -176.764 -5.62586  177.549
7    12.0316 -12.2632  45.7592       -176.674 -6.45933 -177.323
8    13.4037 -7.52558   45.544       -177.624 -8.82448 -171.284
9    12.8364 -9.12066  45.4625       -177.445 -7.36498 -174.946
10    12.8089 -9.06371  45.0031       -177.427 -6.59485   -177.7
11    12.9076 -10.5605  44.7608       -177.52 -6.3213 179.219
12    12.0762 -10.2581   44.745       -177.482 -5.31569   178.34
13   12.0667 -9.9222 44.8283       -177.664 -5.23051  178.213
14    12.1249 -10.3852  45.1375       -177.828 -4.88876  177.396
15    12.1082 -10.0434  45.2902       -177.531 -4.91673  177.846
16   12.0224 -10.191 45.1814       -177.042 -4.93806  177.521
17    12.1673 -9.93164  45.0012       -177.025 -5.28352  177.632
18   12.2276 -10.643 44.9587        -177.12 -5.01963  177.162
19    12.3551 -10.5519  44.8528       -177.283 -5.25464  177.426
20    12.4468 -11.0985  44.8422       -177.169 -5.17311   177.24
21    12.3158 -10.5909  44.9134       -177.301  -5.0607  177.547
22    12.3241 -11.0762  44.9196       -177.077 -5.10078  176.846
23     12.329 -10.6696  44.9255       -177.116  -5.1457   177.32
24    12.1746 -10.9161  44.8613       -177.223 -5.11104   176.55
25    12.3596 -10.9097  44.7402        -177.19 -5.63972  176.408
26    12.2437 -11.1322  44.4748       -176.811 -5.69637   175.95
27   12.3156  -10.84 44.4692       -176.317  -5.6712   176.26
28    11.7599 -10.8763  44.6001       -175.834 -5.40114   175.75
29    12.1847 -10.4711  44.5787       -175.881 -6.12465  175.611
30     12.407 -10.7118  44.5929       -175.883 -6.04335  174.666
31    12.1934 -10.1249  44.5746        -176.27 -6.01423  175.158
32    12.4989 -10.9786  44.2987       -177.545 -6.78488  173.212
33    11.5807 -11.9982  44.7186       -178.118 -5.39625   171.94
34    11.5743 -12.0154  44.7269       -177.834  -5.3325  171.986
35    11.8977 -11.4773  44.6477       -177.519 -5.74802  172.909
36    12.4293 -11.6648  44.7276       -177.123 -6.05821  173.341
37    12.7115 -10.9226  44.9021       -177.185 -6.22803  174.416
38    12.6959 -11.8806  45.0529       -177.096 -5.83719  173.642
39    12.7528 -11.4554  45.1786       -176.909 -5.77051  174.549
40    12.9392 -11.9631   45.166       -176.663 -5.57874  174.552
41   12.9215 -12.044 45.2876       -176.586 -5.12822  175.118
42    13.0207 -12.1613  45.2145       -176.33 -4.8649 175.649
43    13.1021 -12.3867   45.178       -176.369 -4.84914  175.798
44    12.6205 -13.0269  45.2312       -176.268 -4.24795  175.624
45    12.4409 -13.0253  45.3335       -176.044 -4.16249  175.764
46     12.621 -12.6818  45.2371       -175.685 -4.68099  175.824
47    12.0439 -13.2483  45.2726       -175.876 -4.21384  175.326
48    12.2154 -13.4208  45.2957        -176.06 -4.40369  175.629
49    11.8255 -13.9959  45.4798       -176.222 -3.71744   175.46
50     12.682 -13.3786  45.5025       -176.081 -4.62758  176.274
51    12.7112 -13.4071  45.6652       -176.139 -4.51671  176.443
52    12.9589 -12.9854  45.6918       -176.044 -4.83425  176.867
53    12.5114 -13.5988  45.7545       -176.174  -4.3482  176.218
54    12.7433 -13.0366  45.6638       -175.958 -4.76617  176.764
55    12.6476 -13.4303  45.7538       -175.966 -4.52866  176.402
56    12.9186 -13.0632  45.7525       -175.844 -4.66582  176.741
57     12.346 -13.7005   45.857       -176.031 -3.99516  176.119
58    12.8491 -13.1797  45.8133       -175.909 -4.69395  176.574
59    12.5937 -13.5163  45.9412       -175.894 -4.20424   176.23
60    12.5422 -12.9009  45.6189       -176.058 -4.48857    176.6
61    12.2746 -13.7357  45.3143       -176.601 -4.54263  175.708
62    12.5834 -13.8021  45.4654       -176.123 -4.21162  176.445
63    12.9712 -13.2999  45.8509       -175.707 -3.87068  177.311
64   13.2937 -12.963 46.0669       -175.542  -3.8049  177.775
65    12.6341 -13.7492  46.2235       -175.784 -3.08815  176.912
66   12.0943 -13.549   46.18       -175.581 -2.93288   176.87
67   12.1217 -13.673 46.1963       -175.495 -2.98697  176.558
68     11.756 -13.7496  46.1615       -175.194  -2.4857  176.577
69    11.4932 -14.4673  46.1959       -175.202 -2.20534  176.029
70    11.5537 -14.0027  46.1377       -174.983 -2.32535  176.305
71    10.7741 -15.0489  46.0327       -175.183 -1.54837  175.094
72    10.8355 -14.7548  45.9798       -175.021  -2.1105  175.661
73     10.945 -14.5729  45.9577       -175.398  -2.4417  175.482
74     10.682 -14.9244  45.9553       -175.453 -2.07785  174.857
75    10.7205 -14.6556  46.1853       -175.327 -2.11714  175.054
76    12.2399 -14.4532  46.5447       -174.431 -3.26416  175.105
77    9.82698 -17.9843   45.157        -175.065 0.0467067   170.989
78    9.25838 -17.9983  45.1289       -175.165 0.826835  171.188
79    8.95148 -18.5708  45.1086       -175.309  1.11668  170.769
80    8.12016 -18.3395  44.9584       -175.525  1.78277  171.027
81    8.49988 -18.8916  44.8516       -175.456  1.42674  170.549
82    8.31368 -18.3794  44.9643       -175.678  1.63158   171.35
83   8.35143 -19.122 44.8333       -175.809  1.65603  170.656
84    8.58003 -18.1233  45.0262       -175.711  1.22841  171.689
85    8.93651 -18.9219  44.8474       -175.711 0.948909  170.645
86    8.85675 -18.1771  44.9947       -175.667    1.095   171.38
87    9.33512 -18.8861  44.8889        -175.53 0.707838  170.735
88     9.2329 -17.9932  45.1679       -175.547 0.871239  171.738
89    9.36547 -18.7499  45.0248       -175.538 0.853435  170.851
90    8.88435 -17.9986  45.2136       -175.661  1.15695  171.509
91    9.21685 -18.8224  44.9908       -175.603 0.848112  170.433
92    8.91973 -18.1591  45.1752       -175.603  1.17219  171.434
93    9.41396 -18.7014  45.1331       -175.536 0.659078  170.907
94    9.03056 -18.2906  45.2517       -175.663   1.0989  171.495
95    9.16769 -19.1993  45.0942       -175.658  1.01201  170.521
96   9.28747  -18.98 44.7653       -175.831 0.664418  170.705
97   9.17356 -18.349  45.311       -175.793 0.900943  171.702
98    9.25524 -16.7875  46.3378       -175.602 0.935181   173.73
99    10.1185 -18.8952  45.2089        -175.585 0.0590577   170.701
100    9.58237 -18.6388   45.223       -175.813  0.45659  171.134
101    10.0227 -18.9869  45.1987        -175.701 0.0869654   170.704
102    10.1807 -18.1511  45.4199        -175.669 0.0443267   171.454
103    10.3527 -18.8441  45.2816         -175.604 -0.0545081    170.638
104    10.0166 -18.3412  45.3176       -175.696 0.175799  171.342
105    10.4035 -18.9928  45.1372        -175.629 -0.166313   170.648
106     10.204 -18.1525  45.3167        -175.673 0.0560759   171.497
107    10.3996 -18.9884  45.1509        -175.597 -0.109448   170.601
108    10.2035 -18.2311  45.3536         -175.63 0.0336022   171.568
109    10.5129 -18.9771  45.1836       -175.574 -0.15985  170.699
110    10.4578 -18.6368  44.8732        -175.717 -0.305215   170.823
111    10.2016 -18.3669   45.255         -175.596 -0.0387128    171.333
112    10.0507 -17.1073  46.1816       -175.556 0.242142  173.101
113    10.5457 -19.0079  45.2079         -175.625 -0.0646221    170.632
114    9.98669 -18.3695  45.3839       -175.903 0.340868  171.239
115     10.378 -19.1064  45.2211         -175.748 -0.0966124    170.314
116    10.5208 -18.4377  45.3337          -175.6 -0.255333   171.093
117    10.7955 -19.0425  45.3341        -175.607 -0.339996   170.461
118    10.1051 -18.2088  45.4562       -175.765 0.193726  171.002
119    10.3097 -18.9366  45.1429        -175.593 -0.279828   169.959
120    9.70797 -17.7589  45.2602         -175.52 -0.303017   170.837
121    9.94618 -17.8637   45.185        -175.309 -0.694126   170.066
122    9.46415 -17.6838  45.1659        -174.946 0.0559231   169.856
123   9.74901 -17.982 45.2978           -174.8 -0.0684224    169.926
124    8.93616 -17.9505  45.3875        -175.48 0.888031  170.644
125     8.4977 -18.7174  45.3206       -175.839  1.48142  170.249
126    8.45669 -18.6406  45.3176       -175.845    1.536  170.631
127    8.94105 -19.1958  45.1934       -175.786 0.937428  170.055
128    8.83693 -18.4948  45.3067       -175.785 0.888252  170.937
129    9.42191 -19.2924  45.1297       -175.607 0.387301  170.361
130    9.75669 -18.7804  45.3426       -175.645 0.275921  171.678
131    9.90303 -19.7882  45.1228       -175.766 0.235405  170.961
132    9.79125 -18.8547  45.3256       -175.775 0.171622  172.177
133    10.2544 -19.6214  45.1056         -175.68 -0.291435   171.032
134   9.96771 -18.401 45.4509        -175.706 -0.114527    171.86
135     9.9609 -19.1512  45.1048        -175.556 -0.224719   170.304
136   9.84253 -17.841 45.1625        -175.228 -0.606481   171.018
137    9.80421 -18.3911  45.0615        -175.032 -0.590981   170.272
138    9.17927 -17.7565  45.2576         -175.137 -0.0660688    171.247
139    9.03943 -18.6099   45.081       -175.337 0.204224  170.479
140    8.68978 -18.2348   45.232       -175.465 0.794563  171.156
141    8.99148 -18.9237  45.1328       -175.448 0.591411  170.553
142    8.77485 -18.2869  45.2756       -175.622 0.748427   171.37
143    8.80704 -19.3491  45.0498       -175.717 0.852927    170.3
144    8.90335 -18.3728  45.4109       -175.562 0.845902  171.641
145    9.38665 -19.3056  45.2028       -175.448 0.480124  170.725
146   9.19473 -18.492 45.4033       -175.555 0.574067  171.792
147    9.34952 -19.5401  45.1471       -175.504  0.67876  170.632
148    8.81226 -19.0261  45.3823       -175.574  1.21938  171.756
149   9.11425 -20.159 45.2199       -175.537  1.16457  170.789
150    8.94456 -19.3643  45.5032       -175.49 1.56903 172.204
151    9.02092 -20.7318   45.194       -175.509  1.72245  170.972
152     8.6212 -18.8144  45.7743       -175.461  1.95214  172.724
153    8.72934 -20.5145  45.1603       -175.574  1.82101  170.324
154   7.77618 -18.958 45.4825       -175.821  2.30552  171.575
155    7.91215 -19.3326  45.3818       -175.703  1.94467  170.775
156    7.60659 -18.0842  45.4505       -175.457  1.81663  171.283
157    7.63271 -18.6485  45.2289       -175.362  1.55186  170.082
158    7.51646 -18.0915   45.259       -175.244   1.5747  170.488
159    7.69158 -18.4897  45.3669       -175.277  1.58319  170.319
160    7.44834 -18.5035  45.3536       -175.406  2.12333   170.78
161    7.39168 -19.3136  45.2503       -175.494  2.32333  170.274
162   7.64408 -18.815 45.3874       -175.389  2.09333  171.242
163    7.76643 -19.9441  45.2171       -175.542  2.18293  170.449
164      7.761 -19.5534  45.4037       -175.723  2.34371  171.639
165    7.83552 -20.3331  45.3391       -175.937  2.39686  171.145
166    7.65743 -19.4088  45.5721       -175.93 2.56243 172.155
167    8.35778 -19.9794  45.4417       -175.73 1.80818  171.15
168    8.12254 -18.7593  45.6832       -175.713  1.80791   172.05
169    8.26749 -19.9473  45.2827       -175.638  1.67666  170.383
170     8.1437 -18.6922  45.4688       -175.494  1.47238  171.405
171    8.38055 -18.9704  45.4638       -175.478  1.05797  170.806
172    7.71639 -18.6213  45.3315       -175.574   1.5347  170.738
173    7.72096 -18.6496  45.4117       -175.457  1.52914   170.51
174    7.76242 -17.9765  45.4704       -175.224  1.36888  170.932
175    7.60489 -18.7266  45.2956       -175.251  1.51068  170.021
176     7.3179 -18.1534  45.3744       -175.23 1.72445 170.607
177    7.10111 -18.8495  45.3423       -175.258  2.13808  170.093
178    6.95985 -18.2376  45.5199       -175.124  2.48407  171.117
179    6.9062 -19.317 45.3657       -175.296  2.74435  170.203
180    6.87979 -19.0764  45.4387       -175.35 3.14816 170.969
181    6.73835 -20.0232  45.4053       -175.434  3.70975  170.701
182    6.77288 -19.7193  45.5301       -175.716  3.75298  171.646
183    6.70736 -20.8082  45.3614       -176.151  3.90658  170.764
184    6.53931 -19.6865  45.6262       -176.062  4.09138  171.805
185    7.06546 -20.6876  45.3128       -175.826  3.41009  170.428
186     7.0297 -18.7307  45.8277       -175.557  3.00493  172.168
187    6.87626 -19.8478  45.4295       -175.553  3.18595  170.483
188    6.31431 -18.6511  45.4956       -175.394   3.3709  171.137
189   6.32076 -19.139 45.3785       -175.379  3.14949  170.267
190    6.06362 -18.1724  45.5449       -175.117  3.25792  170.963
191   6.06053 -18.729 45.4534       -175.143   3.3161  170.257
192   5.29545 -18.469 45.3968       -175.322  4.08933  170.453
193    5.01638 -19.1485  45.2476       -175.411  4.39892  169.864
194    5.31837 -18.3111  45.4017       -175.226   3.9286  170.761
195    5.19167 -19.0969  45.1866       -175.56 4.13238 169.854
196    4.89257 -18.9437  45.3227       -175.628  4.65471  170.437
197    5.32842 -19.2809  45.3765       -175.611  4.17038  170.205
198     5.2776 -19.3034  45.2563       -175.713  4.29624  170.478
199    5.63509 -19.8185  45.2878       -175.726  4.06668  170.242
200    5.94762 -19.6134  45.4069       -175.711   3.8476  170.936
201    6.01871 -20.2974  45.3142       -175.814   3.9541   170.51
202    6.27792 -19.0413  45.6338       -175.67 3.65334 171.605
203    6.28081 -19.7807  45.3691       -175.759  3.48035  170.345
204    6.20989 -18.8328  45.5325       -175.531  3.12196  170.848
205    6.35049 -19.2333  45.4177       -175.358  3.00569  170.212
206    6.09506 -18.5155  45.5199       -175.232  3.16421  170.702
207    5.85761 -18.9699  45.4368       -175.369  3.42446  170.025
208    5.45744 -18.7144  45.4035       -175.319  3.84187  170.366
209    5.52503 -19.2089  45.4123       -175.328  3.86779   170.03
210    5.67853 -19.2441  45.4606       -175.362  4.07262  170.514
211     5.9392 -21.0268  44.5311       -175.877  4.16434  168.551
212    6.02383 -21.0351   44.743       -176.019  4.30788  169.408
213   6.09703 -20.661 45.8405       -176.045  4.12628  170.731
214    6.24775 -20.2539  45.6246       -175.852  4.25879  171.243
215    6.97717 -20.8658  45.5685       -175.618  3.42948  170.518
216    6.34888 -19.5251  45.7424       -175.642  3.61891  171.542
217     6.1307 -20.6443  45.3003       -175.582  3.60988  170.007
218   5.79315 -18.543 45.8289       -175.065  3.68182  171.679
219    5.74761 -19.5102  45.5083       -175.047  3.67603  170.192
220    5.03786 -18.6189   45.655       -175.172  4.25489  171.013
221    4.97237 -19.5144  45.4876       -175.405  4.53356  169.986
222    4.58161 -19.2967  45.4528       -175.491  4.91504   170.44
223    4.61335 -19.8164  45.3656       -175.51 4.83307 170.181
224   4.99954 -19.493  45.469       -175.401  4.85032  171.008
225    5.45567 -20.7486  45.3918       -175.692  5.01354  170.245
226     5.7595 -20.5946  45.6506       -176.477  4.62976  171.343
227    5.74986 -22.0868  45.3036       -176.981  4.54577  170.216
228     6.9171 -20.2037  45.8752       -176.081  3.27945  172.079
229    7.66809 -21.0853   45.549       -175.653  2.33934  170.562
230   7.34572 -19.416 45.8401       -175.233  2.27645  171.822
231    7.23762 -20.0703  45.5802       -175.075   2.2331  170.654
232      6.582 -18.7549  45.8567       -175.042  2.60331  171.717
233    6.03948 -19.7235  45.5383       -175.235  3.28195  170.401
234     5.8295 -18.6789  45.8389       -174.939   3.9706  171.246
235   5.69976 -19.846 45.6253       -174.941   4.8243  169.998
236   4.98831 -19.667 45.5791       -175.369  5.15662  170.811
237    4.52744 -20.3299  45.2841       -175.952  5.21061  170.454
238    4.29789 -19.7525  45.3633       -175.891  5.38551  171.493
239    5.14615 -20.9864  45.1252       -175.74 4.82788 170.453
240   5.70294 -20.064  45.579       -175.561  4.50752  172.037
241    5.80351 -21.3517  45.3637       -175.849  4.57106  170.955
242    5.51356 -19.5912  45.8895       -175.768  4.77449  172.757
243    5.80959 -21.0698   45.284       -175.77  4.3737 170.602
244    5.12024 -19.5938  45.4637       -175.574  4.62876  171.587
245    5.21396 -20.2459  45.3919       -175.376  4.43621  170.545
246     5.0657 -18.8638  45.6615       -175.139  4.37834  171.734
247    4.88509 -20.2079  45.2158       -175.421  4.70664  170.237
248    4.53044 -19.5541  45.3978       -175.447  5.07752  171.408
249   4.50401 -20.594 45.1892       -175.637  5.19991   170.52
250   4.63831 -20.089 45.3553       -175.519  5.22608   171.65
251    5.11434 -21.6158  45.1022       -175.686  5.16389  170.646
252    4.96376 -20.7506  45.6275       -175.523  5.91582  172.927
253    4.12537 -16.9339  48.0883       -174.426  6.63036   178.52
254    2.61325 -14.8574  48.3459       -174.457  7.52176 -179.493
255    2.87203 -16.0488  47.7349       -174.408  7.06481   178.41
256    2.03813 -14.0131  48.0417       -173.892  7.39343 -179.968
257    2.44225 -15.5115  47.5235       -174.126  7.02053  177.794
258    1.53359 -15.1411  47.5072       -174.158   7.9802  178.033
259    1.77352 -16.0099  47.1695       -174.384  7.66628  176.807
260    1.57217 -15.8912  47.2155       -174.274  7.64421  177.041
261    2.05983 -16.5016  47.1085       -174.338  7.08334  176.461
262     2.1425 -16.2415  47.3681       -174.073  7.27352  177.388
263    2.25494 -16.7597  47.3003       -174.419  7.20155  177.112
264     2.2513 -16.6049  47.4635       -174.297  6.87265  178.204
265    3.00835 -16.7968   47.528       -174.075  5.96353  178.381
266    2.83647 -15.8917  48.0884       -173.806  6.28436  179.965
267    2.71653 -16.7257  47.8643       -174.238  6.58262  178.805
268    2.16177 -14.6769  48.3828       -174.251  7.14605 -179.431
269    2.32142 -15.8818  47.8973       -174.698  7.06125  178.428
270    2.05277 -15.1679  48.1276       -174.354  7.23465  178.966
271    2.32511 -15.8741   47.893       -174.278  6.97114  177.746
272    1.87086 -14.9554   47.922       -174.056  7.34569  178.205
273    1.74063 -16.1782  47.4487       -174.194  7.78052  176.443
274    1.40915 -15.9748  47.5334       -173.588  8.22135  177.162
275    1.64008 -16.1914  47.3896       -173.801  7.89577  176.964
276   0.531685 -16.2664  47.2401       -174.018  9.24212   177.29
277   0.92868 -16.763 47.1952       -174.129  8.79434  176.956
278   0.575939 -17.4872  46.9924       -174.054  8.78037  177.476
279   5.32887 5.92951 50.5066       -170.789  0.01724 -155.834
280   0.813589  10.5974  49.6287       -169.448  4.67725 -149.112
281   1.83862  7.5571 50.5087       -169.871  4.37051 -152.093
