6   12.9167  -10.35 44.9281       -176.925 -5.24256 -179.889
7     12.532 -11.7013  45.6891       -177.019  -7.1177 -176.702
8    12.5028 -12.0637  45.7295       -177.258 -7.42961 -176.714
9   12.8305 -11.603 45.4149       -177.232 -7.19471 -177.983
10    12.8011 -10.7009   45.019        -177.35 -6.48162 -179.681
11    12.6655 -10.2437  44.8324       -177.548 -6.01358  179.635
12    12.4063 -9.70947  44.7122       -177.591 -5.74657  178.992
13    12.3617 -9.58053  44.8105       -177.792 -5.60334  178.637
14    12.4653 -9.39221  45.1182        -177.79 -5.34928  178.589
15    12.4733 -9.27926  45.2396       -177.512 -5.41077  178.764
16    12.3635 -9.18562  45.1314       -177.167 -5.42284  178.742
17    12.426 -9.2227 44.9567       -177.161 -5.65266  178.505
18    12.6277 -9.46105  44.9159       -177.232  -5.5839   178.59
19   12.6762 -9.5868 44.8079       -177.276  -5.7175  178.591
20    12.6918 -9.84927  44.8707       -177.281 -5.53935   178.76
21     12.686 -9.86039  44.8878       -177.333 -5.55181  178.427
22     12.712 -9.84641  44.9282       -177.202 -5.64639  178.332
23    12.7317 -9.93917  44.9163       -177.227 -5.68561  178.197
24    12.6246 -9.88889    44.83       -177.302 -5.72898  177.787
25    12.5463 -9.89736  44.7378       -177.217 -5.92972  177.652
26    12.3447 -9.87659  44.5043       -176.869 -5.90211  177.493
27    12.4281 -9.90253  44.5061       -176.352 -5.87297   177.42
28   12.2059 -9.7573 44.5854       -176.016 -6.05307    177.1
29    12.1417 -9.54781  44.6327       -175.997 -6.13211  176.773
30    12.2936 -9.26932  44.6367       -176.022 -6.01822  176.467
31    12.3187 -9.20895   44.567       -176.429 -6.23483  176.315
32    10.7528 -10.0048  44.7582       -177.902 -4.60351  174.642
33     10.645 -10.0734  44.9177       -178.223 -4.26768   174.34
34    10.6437 -9.90985  44.9123       -178.103 -4.22857  174.635
35    10.6303 -9.98824  44.8626       -177.829 -4.22079  174.868
36    10.4876 -10.1806  45.1135       -177.623 -3.71775  175.383
37    10.6954 -10.1897   45.253       -177.666 -3.76958  175.533
38    10.8683 -10.4065  45.4229       -177.461 -3.64887  175.625
39   10.7033 -10.557 45.5204       -177.309 -3.30891  175.849
40    10.8391 -10.7582    45.54       -177.094 -3.07901  176.247
41    11.1562 -10.9919  45.5823       -176.913 -3.05196  176.567
42     11.149 -11.2336   45.547       -176.745  -2.6557  176.997
43    11.4911 -11.4834  45.4502       -176.695 -2.96875  177.047
44    11.3501 -11.6924  45.4979       -176.509 -2.80306  177.352
45      11.18 -11.6829  45.5314       -176.223 -2.74879  177.464
46    11.0633 -11.6518  45.5051       -176.025 -2.88905  177.246
47    10.9866 -11.7109  45.4653       -176.095 -3.06126  177.236
48    10.8914 -12.0002   45.561       -176.276 -2.89552  177.463
49    10.9417 -12.1655  45.6678       -176.265 -2.77585  177.663
50    11.3251 -12.3295  45.7648       -176.381 -3.07096   177.66
51    11.3651 -12.3055  45.8709       -176.372 -2.98978  177.829
52    11.3641 -12.3026  45.9379       -176.362 -2.98791  177.833
53    11.1203 -12.2931  45.9428        -176.35 -2.79019  177.827
54    11.0923 -12.2701  45.9242       -176.274 -2.85046  177.836
55    11.0177 -12.2366  45.9743       -176.195 -2.67302   177.93
56    11.2807 -12.2996  46.0061       -176.171 -2.77905  177.813
57    11.2413 -12.2373  46.0171       -176.188 -2.79342  177.885
58    11.1162 -12.2213  46.0675       -176.152 -2.69959  177.874
59    11.3036 -12.2548   46.089       -176.087 -2.77801  177.782
60    11.1996 -12.2434  45.7747       -176.476 -2.96439  177.517
61    10.7629 -12.3663  45.5439       -176.738 -2.79137  177.419
62    11.1516 -12.5144  45.7739        -176.25 -2.55677  178.094
63    11.3697 -12.4796  46.0519       -175.993 -2.05131  178.406
64    11.7594 -12.4313  46.3116        -175.92 -2.05869   178.57
65    11.5722 -12.3615  46.3391       -175.918 -1.97662  178.559
66    11.2236 -12.1227  46.3029       -175.708 -2.04003  178.589
67    11.1523 -12.0294  46.2862       -175.576 -2.00633  178.488
68     11.135 -12.0568  46.2719       -175.271 -1.92072   178.58
69    11.1414 -12.1153  46.2812       -175.115 -2.01097  178.708
70    11.0807 -12.1006  46.2416       -175.021 -1.95597  178.533
71    10.9992 -12.1312  46.1251        -174.95 -2.07932  178.363
72    10.7147 -12.3228  46.1424       -175.005 -2.19109  178.469
73    10.7359 -12.2567  46.0376       -175.316 -2.39326  178.111
74    10.5865 -12.1756  46.1793       -175.291 -2.16158  178.031
75    10.4569 -12.0402  46.3073       -175.185 -2.01586  178.032
76    12.1123 -6.72137  47.5847       -174.617 -3.98886 -175.792
77    12.1691 -6.50125    47.73       -174.446 -3.79838 -175.471
78    12.3106 -6.86927  47.7018       -174.267 -3.78454 -175.712
79    12.2042 -6.75131  47.7084       -174.286 -3.78393 -175.428
80    12.1524 -6.94698  47.5528       -174.172  -3.9279 -175.639
81    12.1137 -6.82016  47.5808       -174.294 -3.89142 -175.327
82    12.3609 -7.25794  47.4906       -174.313 -4.01685 -175.632
83    12.3669 -7.14995  47.5191       -174.431 -4.01637  -175.38
84    12.4562 -6.96816  47.5184       -174.542 -4.22084 -175.232
85    12.5758 -7.32493  47.4487       -174.522 -4.25945 -175.803
86    12.6463 -7.04363  47.4913        -174.56 -4.26593  -175.57
87    12.6778 -7.20722  47.5233       -174.509 -4.21277 -175.595
88    12.6483 -7.00883  47.6059       -174.525 -4.06096 -175.387
89    12.9105 -7.15784  47.5312       -174.444  -4.2954 -175.655
90     12.807 -6.96457  47.5776       -174.509 -4.34832 -175.639
91    12.8056 -6.82537  47.5898       -174.493 -4.37238 -175.574
92     12.695 -6.75703  47.7008       -174.493 -4.20625 -175.233
93    12.7626 -6.82611   47.712       -174.527 -4.27273 -175.242
94    12.8974 -6.97959  47.7297       -174.495 -4.33976 -175.321
95     12.779 -7.14751  47.7398       -174.542 -4.21967 -175.475
96    12.6596 -7.16182  47.7624       -174.667 -4.18552 -175.301
97   12.6829 -7.4787 47.7963       -174.715 -4.04021 -175.607
98    13.0808 -7.40585  47.7806       -174.684 -4.31193 -175.696
99   12.8902 -7.2405 47.8032       -174.837 -4.16949 -175.684
100     12.984 -7.24616   47.785       -174.819 -4.39964 -175.528
101      13.05 -7.18817  47.7804       -174.865 -4.41666 -175.546
102    13.1983 -7.07605  47.8358       -174.857 -4.37104 -175.579
103   12.9876 -6.9432  47.892       -174.931 -4.14863 -175.449
104     12.982 -7.33432  47.7958         -174.9 -4.18081 -175.738
105    13.1039 -7.11909  47.7981       -174.899 -4.31747 -175.444
106   13.2275 -7.1071 47.7733        -174.89 -4.37852 -175.548
107    13.0257 -7.04694  47.8244       -174.952 -4.20239   -175.4
108    13.0308 -7.27725  47.8258       -174.941 -4.18082 -175.579
109    13.0723 -7.14518  47.8451       -174.913 -4.16488 -175.439
110    13.1366 -7.12367  47.7912       -174.903  -4.3387 -175.492
111    13.0551 -7.01682  47.8447       -174.874 -4.31205 -175.315
112    13.0733 -7.26858  47.8319       -174.923 -4.15096 -175.661
113    13.3365 -7.20706   47.828       -174.935 -4.32543 -175.585
114    13.1284 -7.14338  47.8861        -175.08 -4.19932 -175.623
115    13.0724 -6.95189   47.916       -175.071  -4.2448 -175.466
116    13.1632 -7.37327  47.9001       -174.963 -4.25925 -175.899
117    13.2577 -6.86468  48.0463       -175.014 -4.24254 -175.302
118   13.0553 -6.8628 47.9403        -175.03 -4.17027 -175.717
119    12.9594 -6.76828  47.8357       -174.978 -4.42309 -175.768
120     12.402 -6.28965  47.7747       -174.936 -4.44591 -175.622
121    12.3293 -6.19904  47.6449       -174.731 -4.54103 -176.185
122    12.3194 -5.64251  47.7409        -174.26 -4.47423  -175.94
123    12.3511 -5.85513  47.8223       -174.215 -4.35072 -175.847
124    12.5775 -6.51778  47.8181       -174.407 -4.33599 -176.003
125   12.4914 -6.6154 47.9282       -174.495 -4.12514 -175.698
126    12.5635 -7.07084  47.9154       -174.537 -4.15079 -175.914
127    12.4044 -6.89396  47.9529       -174.696 -4.09079 -175.615
128    12.4651 -7.11488  47.8883       -174.661 -4.22824 -175.765
129    12.6972 -7.04882  47.8985       -174.688 -4.44892 -175.356
130    13.0036 -7.91439   47.857       -174.747 -4.36861 -175.634
131    12.9523 -8.05044  47.9192       -174.861 -4.23819  -175.36
132    13.0313 -8.27576  47.8465       -174.892 -4.40613 -175.477
133     12.949 -7.95356  47.8887       -175.045 -4.38248 -175.335
134    12.7771 -7.43275   47.949       -174.945 -4.25372 -175.308
135    12.5718 -7.13742  47.8508       -174.909 -4.29879 -175.621
136    12.4143 -6.67195  47.7186       -174.679 -4.62088 -175.783
137    12.2622 -6.56603  47.6832       -174.466 -4.58756 -175.805
138     12.248 -6.86198  47.6256       -174.398 -4.65785 -175.962
139    12.3125 -6.76946  47.6706       -174.381 -4.65302 -175.679
140    12.4048 -6.68296  47.7822       -174.412 -4.52062 -175.348
141    12.5249 -6.87272   47.774       -174.449 -4.56733 -175.418
142    12.4655 -6.82691   47.827       -174.586 -4.48763 -175.245
143   12.5733 -7.1424 47.8154       -174.493 -4.50449   -175.5
144    12.5926 -6.95371  47.9484       -174.488 -4.38753 -175.072
145    12.8118 -7.26277  47.9052       -174.473 -4.53932 -175.301
146    12.7934 -7.30246  47.9165       -174.537 -4.52674 -175.199
147    12.9401 -7.47118  47.8866       -174.357  -4.5055 -175.396
148    12.9098 -7.67141  47.9915       -174.318 -4.45862 -175.132
149    13.0746 -7.91741  48.0233       -174.236 -4.43758 -175.158
150     13.158 -8.12251  48.1004       -174.152   -4.238 -174.907
151    13.0898 -8.15921   48.196        -174.07 -4.04197  -174.64
152   13.2287 -8.2338 48.0445       -174.044 -4.25729 -175.295
153    13.0324 -7.66166  48.0977       -174.104 -4.26043 -174.974
154    12.8098 -7.32165  48.0345       -174.146 -4.42858 -175.135
155    12.4468 -7.06178  48.0313       -174.127 -4.31343 -175.188
156    12.2808 -6.58802  47.8735       -174.021 -4.61271   -175.5
157    12.0204 -6.03351  47.8427       -173.999 -4.69564 -175.374
158    11.9623 -6.02431  47.8622       -173.878 -4.69725 -175.522
159    11.9468 -6.10613  47.9353       -173.885 -4.47976 -175.398
160    12.3148 -6.43413  47.9617       -173.812 -4.57461 -175.332
161    12.3468 -6.68456  48.0167       -173.767 -4.49931 -175.248
162    12.4193 -6.74343  48.0885       -173.849 -4.48931 -174.875
163    12.6417 -7.03591  48.0907       -173.853 -4.54639 -174.779
164    12.795 -7.7538 48.1383       -174.044 -4.39507 -174.869
165    12.8399 -7.87448   48.208       -174.078 -4.29367 -174.677
166    13.0941 -7.92927  48.1431       -174.134 -4.54712 -174.826
167    12.8179 -7.58567  48.1945       -174.273 -4.34226 -174.727
168    12.7869 -7.46925  48.1285       -174.207 -4.46978 -175.076
169    12.5174 -7.44867  48.1016       -174.189 -4.27428 -175.301
170    12.4522 -6.88132  48.0711       -174.259 -4.53545 -174.991
171    12.2815 -6.75441  48.0611       -174.292 -4.50983 -175.142
172    12.1814 -6.56825  47.9867       -174.146 -4.64789 -175.328
173    12.0277 -6.30945  48.0234       -174.101 -4.53566 -175.285
174    11.9579 -6.09265  47.9976       -173.981 -4.58729  -175.32
175    11.9038 -6.24116  47.9481       -173.886 -4.61596 -175.584
176    11.8123 -6.14203  47.9954        -173.78 -4.57793 -175.508
177    11.9428 -6.16957  48.0563       -173.597 -4.62003 -175.369
178    11.8772 -6.26167  48.1643       -173.516 -4.32666 -175.145
179    12.0082 -6.52037  48.1852       -173.464 -4.30225 -175.198
180    12.2945 -6.49361  48.2783       -173.434 -4.21975 -174.668
181     12.485 -6.91424  48.3672       -173.262 -4.06573 -174.479
182   12.8245 -7.7446 48.2945       -173.577 -4.16615 -174.835
183    12.7071 -7.95787   48.403       -173.753 -3.89591 -174.739
184   12.8777 -7.9152 48.3487       -173.695 -4.03324 -174.958
185    12.8164 -7.67563  48.3151       -173.685 -4.24571 -174.882
186    12.4582 -7.42466  48.2624        -173.67 -4.17611 -175.094
187    12.3978 -7.03996  48.2395       -173.525 -4.27275 -175.047
188   12.0103  -6.704 48.1652       -173.421 -4.27154 -175.291
189    11.9325 -6.36184  48.1361       -173.373 -4.48314  -175.23
190    11.8851 -6.12689  48.1163       -173.164 -4.61169 -175.382
191    11.7628 -5.86583  48.1832       -173.137 -4.49928 -175.151
192    11.7251 -5.68837  48.2089       -173.057 -4.52464 -175.032
193     11.574 -5.91519  48.2204       -172.927 -4.37475 -175.143
194    11.5294 -6.20648  48.1035       -173.078 -4.38224 -175.498
195     11.614 -6.13108  48.1418        -173.05 -4.40324 -175.397
196    11.9268 -6.28689  48.2252       -173.049 -4.53628 -175.242
197    11.8341 -6.25035  48.2553       -173.183 -4.43905 -175.067
198    11.8901 -6.58247  48.2762       -173.254 -4.37887 -175.055
199    11.9713 -6.40127   48.347       -173.369  -4.3506 -174.547
200    12.1877 -6.98502  48.3225       -173.432 -4.35537 -174.747
201    12.3142 -7.21773  48.3788       -173.435  -4.3111 -174.724
202   12.3536 -7.2538 48.3283       -173.516 -4.28113 -175.085
203    12.0619 -6.83523  48.3225       -173.638 -4.23923 -174.967
204   11.9413 -6.4563  48.222       -173.546 -4.54319 -175.086
205    11.9428 -6.21882  48.2355       -173.433 -4.62303  -175.02
206    11.7194 -6.20118  48.2444       -173.309 -4.45797 -175.276
207    11.7424 -6.01001  48.2396       -173.253 -4.52979 -175.276
208   11.6707  -5.971 48.3002       -173.117 -4.48984 -175.144
209   11.8669 -6.0936 48.3124       -173.048 -4.62799 -175.157
210    12.0317 -6.47945    48.41       -173.033 -4.37317 -175.039
211    12.3696 -6.88532  48.4367       -173.151 -4.35461 -175.131
212    12.5601 -7.53749  48.5512       -173.484 -4.23199 -175.014
213    12.7022 -7.72894  48.5492       -173.519   -4.344 -174.953
214    12.9023 -7.83173  48.5872       -173.394 -4.29828  -174.85
215    12.5207 -7.57841  48.6621       -173.523 -4.02366 -174.543
216    12.2848 -7.27178  48.5696       -173.561 -4.19385 -174.667
217    12.2686 -7.18737  48.4789       -173.261 -4.56755 -174.834
218    12.0213 -6.57545  48.4395       -172.962 -4.59905  -174.93
219    11.9501 -6.16688  48.4268       -172.841 -4.74159 -174.833
220    11.7759 -5.94549  48.4621       -172.823 -4.68031 -174.757
221    11.9909 -5.83849  48.4941       -172.822 -4.75854 -174.691
222    11.8772 -6.26631  48.4733       -172.808 -4.61075 -174.931
223    11.8555 -6.36942  48.4663       -172.747 -4.64507 -174.746
224    12.3784 -6.75985  48.4664        -172.65 -4.71698 -174.763
225   12.7531 -7.0484  48.599       -172.966 -4.47591 -174.469
226    13.0849 -8.17934  48.6086       -173.788 -4.50155  -174.78
227    13.2299 -8.60531  48.6293       -173.953  -4.6592 -174.706
228    13.0549 -8.30897  48.6646       -173.881 -4.53125  -174.61
229    12.7894 -7.81395  48.6518        -173.87 -4.59072 -174.483
230    12.5126 -7.37507  48.5463       -173.575 -4.70546 -174.614
231    12.2524 -7.17145  48.4494       -173.429 -4.72897 -174.804
232      12.19 -6.57124  48.4292       -173.231  -4.9635 -174.604
233    12.1959 -6.57843  48.4078       -173.062 -4.96894 -174.859
234     12.438 -6.16935  48.4595       -172.556 -4.80789 -174.843
235    12.7005 -5.97295   48.569       -172.368 -4.59247 -174.618
236     12.61 -6.4651 48.5212       -172.662 -4.78363 -174.504
237    12.4551 -6.75767  48.4229       -172.897 -4.93141 -174.415
238    12.4173 -6.95028  48.4105       -172.917 -4.93183 -174.214
239    12.6327 -7.27691  48.4098       -172.863 -4.86224 -174.223
240    12.9632 -7.56534  48.4729       -173.004 -4.82238 -174.078
241     13.184 -7.96524  48.4886       -173.046 -4.87856  -174.22
242    12.9568 -7.85572  48.5324        -173.15 -4.61957 -174.309
243    12.8567 -7.76565  48.4322        -173.09 -4.74666 -174.583
244   12.6216 -7.0775 48.3661       -172.915 -5.02594  -174.48
245    12.3427 -6.51474  48.4339       -172.809 -4.98151 -174.161
246    12.2595 -6.26771  48.3974       -172.725 -5.06594 -174.249
247    12.296  -6.527 48.3694       -172.647 -5.01848 -174.479
248    12.3072 -6.62224  48.4311       -172.692 -4.98213  -174.18
249    12.4187 -7.08371  48.3897       -172.577 -4.98503  -174.47
250    12.4779 -7.35917   48.477       -172.658 -4.82518 -174.182
251    12.7836 -7.90556  48.4906       -172.599 -4.69332  -174.13
252    13.3204 -8.81576  48.5271       -172.344 -4.52837 -174.083
253    13.3167 -9.14492   48.539        -172.46 -4.49318 -174.058
254    12.8789 -8.52271   48.455       -172.489 -4.65149 -173.856
255     12.592 -8.10314  48.3897       -172.291 -4.74907 -173.963
256    12.1374 -7.31358  48.3969       -172.222 -4.81447 -173.854
257    12.0951 -7.09569   48.421        -172.15 -4.87171 -173.951
258    11.9516 -7.06197  48.4596       -172.157 -4.74969 -174.168
259    12.0416 -6.71982  48.4854       -172.135 -4.99981 -173.887
260    11.7206 -6.99494  48.4779       -172.191 -4.87627 -174.107
261    11.7391 -7.11242  48.4772        -172.15 -4.91536 -174.029
262    11.7512 -7.46826  48.5569       -172.105 -4.60945 -173.903
263   11.8941 -7.8298 48.5438       -172.268 -4.64005 -173.949
264    11.9068 -8.63667  48.4655       -172.195 -4.84833 -174.061
265     12.002 -8.93329  48.4806       -172.085 -4.98084 -173.966
266    12.0737 -9.44564   48.538       -171.993 -4.75798 -174.199
267    12.1363 -9.16003  48.6225       -172.138 -4.72372 -174.016
268      12.03 -8.54266  48.7173       -172.372   -4.515  -173.95
269    11.8604 -7.94783  48.7798       -172.646 -4.41519  -173.85
270    11.7885 -7.77293   48.797       -172.424 -4.46485 -174.026
271     11.784 -7.39081  48.8281       -172.322 -4.58085 -173.935
272    11.5879 -7.07049  48.8012        -172.24 -4.49579 -174.192
273    11.7707 -6.79575  48.7681       -171.868  -4.5798  -174.21
274    11.7023 -6.72247  48.8194        -171.54 -4.56984 -173.798
275    11.7497 -7.01625  48.7633       -171.504 -4.59165 -173.989
276   11.7547 -6.9971  48.812        -171.48 -4.51361 -173.671
277    11.7303 -7.35066  48.7903         -171.5   -4.437 -173.762
278    11.5529 -8.17269  48.7808       -171.319 -4.63153 -173.399
279    11.8366 -8.68813  48.8061        -171.32 -4.65008  -173.55
280    12.3252 -9.33043  48.9466       -171.181 -4.28915 -173.713
281    12.6017 -9.79666   49.054       -170.838 -4.23748 -173.566
