6   12.8736 -10.173 44.9464       -176.923 -5.21102 -179.671
7    12.4143 -11.4831  45.7287       -177.051 -7.00534 -176.413
8    12.4103 -11.8155  45.7594       -177.278 -7.35004 -176.393
9    12.6146 -11.4618   45.448       -177.237 -6.95342 -177.784
10     12.732 -10.5425  45.0395       -177.362 -6.41621 -179.472
11    12.7032 -10.1829  44.8377        -177.56 -6.07486  179.715
12    12.4473 -9.58178    44.71       -177.595 -5.81414   179.15
13     12.307 -9.51115  44.8283       -177.808 -5.54592  178.729
14    12.5691 -9.33572  45.1156       -177.794 -5.48708  178.654
15     12.433 -9.31597  45.2548       -177.511 -5.36394  178.724
16    12.4875 -9.20921  45.1241       -177.173  -5.5778  178.708
17    12.3632 -9.28178   44.973       -177.153 -5.57243  178.446
18    12.5817 -9.36404  44.9324        -177.24 -5.53863  178.719
19    12.5614 -9.68659   44.837       -177.279 -5.56766   178.49
20   12.5001 -9.7521 44.8996       -177.247 -5.31575  178.892
21    12.6569 -9.70207   44.886       -177.339 -5.54389  178.629
22    12.5258 -9.79066    44.95       -177.179 -5.42862  178.416
23    12.5323 -9.87808  44.9271       -177.209  -5.4521  178.298
24    12.6549 -9.92159  44.8364       -177.305  -5.7699  177.753
25    12.5796 -9.94061  44.7465       -177.209 -5.97534    177.6
26    12.3545 -9.89406  44.5119       -176.866 -5.91668  177.477
27   12.4168 -9.8567 44.5176       -176.343 -5.87123  177.481
28    12.0847 -9.78855  44.6104       -176.007 -5.90089  177.081
29      12.11 -9.58497    44.63       -175.976 -6.09987  176.737
30    12.3956 -9.32852  44.6422       -176.018 -6.14194  176.385
31    12.2721 -9.30063  44.5803       -176.421 -6.17432  176.208
