15   7.72146  1.9294  48.192       -174.371 0.197087  176.403
16   7.30743 1.04329 48.1115       -173.897 0.792426  176.621
17   8.83861 4.12828 46.2179       -174.109    -1.23  -179.27
18   8.65333  4.3652 46.4365         -174.59 -0.352326   -179.47
19      9.91 3.75411 46.9282        -174.287 -0.780564   179.874
20   9.37918 4.05953 46.7648        -173.854 0.0287055  -179.247
21   9.82196 3.71255 46.7595        -174.095 -0.571506  -179.357
22   9.48535  3.5183 46.7229        -174.413 -0.300032  -179.213
23   9.66945 3.15796 46.8293        -174.558 -0.512003  -179.502
24   9.37339 2.80203 46.9698        -174.548 -0.221967  -179.397
25   9.73687 1.98885 47.2083        -174.529 -0.422037  -179.518
26    8.81965 0.798135  47.2929       -174.565  0.50767  -178.55
27    9.21892 0.200425  47.2016       -175.041 -0.22637 -177.827
28     10.2346 -0.823949   47.1048       -175.922 -1.52705 -177.744
29   11.8068  -3.526 46.9241       -176.202 -3.08964  179.059
30    10.5504 -3.45273  48.2999       -175.888 -1.39529   179.39
31    9.90223 -3.70703  47.9908        -175.749 -0.913959   179.302
32    9.05789 -1.60834  47.1599        -175.938 -0.477763  -178.517
33    9.32853 -2.01767  47.2457        -176.034 -0.923961   -179.47
34    9.77771 -2.84884  47.5487        -176.01 -1.21617  179.511
35    9.68123 -2.75621  47.6216        -175.98 -1.05527  179.922
36    9.86888 -2.98368  48.2323       -176.467    -1.21   179.83
37    9.60207 -3.50908  47.5404       -176.334 -1.04647 -179.764
38    10.3436 -3.48559  47.4039       -176.004 -1.48878 -178.268
39    9.76152 -2.98939  47.3073        -176.074 -0.950713  -177.172
40    9.30901 -3.47767  47.1843       -176.684 -1.22658 -176.888
41    10.2267 -3.88427  47.2046        -176.92  -2.1326 -176.563
42    9.83716 -3.36997  47.2245       -177.004  -1.4605 -175.481
43    10.0631 -3.76782  47.3106        -177.03 -1.65226 -175.825
44    9.91453 -3.36769  47.1878       -177.446 -1.81719 -175.118
45    10.0409 -3.16082  47.0611       -177.678   -2.026 -174.668
46    9.74523 -3.86183  47.2924       -177.509 -1.68808 -175.154
47     9.8116 -4.42115  47.3847       -177.439 -1.93186 -175.378
48    10.0014 -4.07259  47.1377       -177.598 -2.30231 -174.544
49    9.79703 -4.69236  47.2747       -177.185  -2.2782 -174.814
50   10.4344 1.11537 47.9878        -176.84 -3.84885 -167.804
51   10.6113 1.54355 45.5839       -176.707  -3.4781 -168.117
52    10.2116 -4.00782  47.2903         -176.4 -1.90952 -174.186
53    9.44767 -5.87485  47.6065       -176.516 -1.05573 -175.574
54    9.37113 -6.33718  47.3234       -177.246 -1.35305 -174.945
55    9.03082 -9.40998  47.4882        -177.425 -0.719856  -177.721
56    8.85103 -9.37928  47.5004        -177.481 -0.298335   -177.32
57    9.15099 -9.53064  47.5947        -177.437 -0.533171  -177.291
58   9.04817 -9.3675 47.6675        -177.329 -0.363459  -176.837
59    9.18162 -9.74457  47.7484         -177.33 -0.653693  -177.148
60    11.0363 -14.1979  47.3207       -177.426 -1.93043  178.005
61    10.4186 -5.03289  48.2067       -177.273 -1.54526 -170.855
62      10.54 -7.60542  47.9208       -176.896 -1.26093 -173.461
63     10.517 -8.79464  47.9635        -176.73 -1.21549  -174.42
64     11.437 -8.94642  47.9232       -176.489 -2.06773 -173.417
65    10.7537 -8.12106  47.9578       -176.522 -1.39918 -172.051
66    10.7744 -8.27521  47.8927       -176.589 -1.57397 -172.092
67     10.947 -8.64713  47.9867       -176.325 -1.73929 -172.397
68    11.1975 -8.81836  48.0103       -175.762  -1.9661 -171.825
69    11.0084 -9.32591  48.0818       -175.759 -1.87017 -171.462
70    11.1536 -8.91733  48.0105       -175.789 -2.17329 -169.955
71    11.1526 -9.25181   48.009       -175.636 -2.09102 -169.817
72    11.2815 -8.99529  48.0633       -175.733 -2.34459 -168.845
73   11.4877 -9.7902 48.1725        -175.93 -2.53581 -169.704
74    11.3866 -9.22915   48.199       -175.496 -2.14783 -168.988
75    10.4572 -10.0048  48.6482        -175.14 -1.01557  -169.68
76    11.4381 -5.77959  49.8097       -175.103 -2.71159 -164.689
77   11.0981 -4.7974 47.5076       -175.016 -2.69409 -163.843
78   12.7051 3.51455 43.6086       -176.378 -5.04672 -153.471
79    12.2105 -10.7444  48.4141       -174.687 -3.15705 -170.566
80     12.387 -14.7624  48.0881       -174.203 -2.69914 -174.678
81    12.4065 -14.1768  48.1435       -174.201 -2.85432 -173.856
82    12.7814 -15.1496  48.1678       -174.142 -3.07885 -174.549
83    13.0239 -15.0967   48.366       -173.862 -2.99302 -173.963
84    13.2806 -16.0741  48.5779       -173.649 -2.76941 -174.013
85    13.8868 -16.2827  48.7769       -173.635 -3.15792 -173.511
86    13.8635 -16.7104  49.1464       -173.492 -2.82146 -173.163
87    14.6969 -18.0439  49.1956       -173.311 -3.39736 -174.112
88    21.9532 -25.7189  46.6339       -171.856  -10.314  177.154
