15   9.14391 7.29082 44.8629       -175.251 -1.64861 -176.947
16   9.08728 6.03894 45.2288       -174.635 -1.56305 -177.347
17   8.58406 4.08699  46.201        -174.132 -0.894038  -179.303
18   10.6422 4.36365 46.0824       -174.736 -2.72171 -179.698
19   9.99324 4.79483 46.3937       -174.098 -1.07729 -178.887
20   10.2905 4.50819 46.4581       -174.005 -1.08103 -178.812
21   10.2248 4.16894 46.4825       -174.136 -1.11008 -178.857
22   10.1227 3.84001 46.5247       -174.479 -1.08747 -178.909
23   10.1134 3.62119 46.5722       -174.491 -1.12808 -179.017
24   10.1172 3.07889 46.7916       -174.597 -1.12679  -179.16
25   10.1579 2.35894 46.9957        -174.504 -0.976082  -179.143
26   9.81242 0.62627 47.2811        -174.753 -0.605082  -178.874
27     9.67722 -0.477797   47.4227        -175.126 -0.662248  -178.699
28    8.87761 -1.51598  47.5004       -175.915 0.167744 -178.429
29   9.66389 1.47999 47.4255        -175.749 -0.917264  -174.736
30    10.1559 -3.29086  48.7024        -176.074 -0.831992   179.465
31      9.9693 -0.771444   46.9057       -176.004 -1.13324 -177.222
32    9.52831 -1.84835   47.187       -175.893 -1.01177 -178.846
33    9.51887 -1.76298  47.1722       -175.952 -1.17172 -179.196
34    9.62912 -1.82729   47.284       -175.857 -1.15604 -179.287
35    9.75023 -1.98155  47.3991       -175.943 -1.20694 -179.178
36    10.2953 -3.82411  48.7535       -176.517 -1.59709  178.741
37     9.9778 0.686599  47.3369       -176.316 -1.81076 -174.754
38    9.23251 -2.72994  47.3586        -175.949 -0.236858    -177.3
39    9.97538 -3.15918  47.2871       -176.241 -1.15765   -177.4
40    9.66961 -3.74365  47.1932       -176.633 -1.63276 -177.244
41    9.85168 -4.08954  47.2823       -176.912 -1.64765 -176.818
42    10.0223 -4.41148  47.4457       -176.873 -1.61124 -176.756
43    10.0774 -4.51682  47.4517        -177.05 -1.60056 -176.746
44     9.8036 -4.68346  47.4891       -177.361  -1.5953 -176.701
45    9.69933 -4.83454  47.5021       -177.512 -1.52421 -176.686
46     9.7252 -5.04955    47.53       -177.393 -1.59566   -176.6
47    9.64123 -5.39926  47.5641       -177.454 -1.66027  -176.55
48    9.53247 -5.67136  47.5281       -177.406 -1.64862 -176.461
49    8.80124 -5.61742  47.5389       -176.951   -1.035 -175.889
50    9.55052 -1.20685  47.8913       -176.527 -2.62885 -170.642
51    9.93627 -10.0671  49.3427       -176.148 -1.78547  178.151
52    10.3141 -4.61083  47.3876       -176.312 -2.00346 -174.882
53    9.97071 -6.26829  47.5815       -176.453 -1.64504 -176.059
54    9.87659 -6.78232  47.3385       -177.105  -1.9253 -175.497
55    9.98635 -7.21518   47.342       -177.231 -1.96578  -175.25
56    10.2517 -7.40848  47.3782       -177.346 -2.04655 -175.137
57    10.2851 -7.48993  47.4525       -177.298 -1.97214 -175.022
58    10.3014 -7.61158  47.5144       -177.193 -1.93452 -174.903
59    10.4479 -6.36728  47.3634        -177.47 -2.26453 -173.359
60    11.3807 -7.19156  47.6475       -177.138  -2.9341 -174.056
61    11.0918 -3.63247  48.5412       -177.178 -2.36135 -169.252
62    10.7293 -7.78642  47.9005       -176.844 -1.46217 -173.692
63    10.9531 -7.95947  47.8428       -176.693 -1.76756 -173.496
64    11.0658 -8.45887  47.9509       -176.545  -1.6435 -172.844
65    11.1315 -8.64297  47.9349       -176.604 -1.78982  -172.69
66    10.9979 -8.89647   47.913        -176.56 -1.77745 -172.845
67    11.2051 -9.06689   47.968       -176.206 -1.99783 -172.922
68    11.3355 -9.42889  48.0049       -175.828 -2.05897 -172.547
69    11.4594 -9.91865  48.0321       -175.814 -2.33682 -172.197
70    11.5079 -10.4611  48.0255        -175.75 -2.43658 -171.779
71    11.5976 -10.7695  47.9955       -175.675 -2.45388 -171.623
72    11.8312 -11.4266  48.0728       -175.842 -2.76212 -171.675
73    11.937 -11.589 48.1029       -175.873 -2.89397  -171.84
74    12.2073 -11.8755  48.1773       -175.383 -2.83676 -172.113
75    11.0663 -13.2202  48.2695       -175.443 -1.48862 -173.442
76    12.1505 -12.3531  48.4522       -174.942 -2.88972 -172.482
77    11.8835 -15.1721  49.1449       -175.055 -2.46943 -175.925
78    11.9493 -11.3416  48.3102       -175.211 -2.95129 -171.324
79    12.4671 -12.4858    48.32       -174.689 -3.26546 -172.553
80    12.7526 -12.8108  48.3251       -174.346 -3.31434 -172.501
81    12.7601 -12.9829  48.3279       -174.317 -3.37695 -172.533
82    13.0834 -13.4669  48.4459        -174.19 -3.57443  -172.67
83    13.4152 -13.8599  48.5851       -173.886 -3.55403 -172.611
84    13.8961 -14.7814  48.7765       -173.772 -3.61309  -172.62
85    14.3334 -15.6166  48.9205       -173.752 -3.73272 -172.811
86    14.6123 -16.3165  49.1612       -173.582 -3.71965 -172.821
87    13.6405 -15.6295  49.6757       -173.316 -2.45222 -171.295
88    13.6569 -16.8788  50.2611       -172.623 -1.78172 -171.282
