19   10.0766 4.22519 46.6887       -174.145 -1.09034 -179.592
20   10.3509 3.99217  46.725       -174.059 -1.07318 -179.442
21   10.3861 3.66618  46.735       -174.195 -1.22262 -179.486
22   10.1749 3.39227 46.7487       -174.521 -1.08872 -179.456
23   10.2164 3.13472 46.8018        -174.54 -1.18353 -179.614
24   10.1736 2.65232 47.0037       -174.651 -1.13745 -179.681
25   10.1641 1.95883 47.1756        -174.528 -0.938216  -179.622
26    9.81558 0.407857  47.3903        -174.776 -0.588325  -179.134
27     9.63422 -0.686031   47.5179        -175.141 -0.596546  -178.938
32   9.35347 -2.0853 47.2892        -175.889 -0.792265  -179.109
33    9.31388 -2.03465  47.2831       -175.944 -0.91624 -179.495
34   9.51045 -1.9962 47.3505        -175.85 -1.00566 -179.474
35    9.60306 -2.19768  47.4857       -175.933 -1.02371 -179.417
38    10.1966 -3.03112  47.2981       -175.966 -1.36281 -177.733
39    9.84655 -3.26226  47.3496       -176.238 -1.01234 -177.504
40    9.40122 -3.82553  47.2455       -176.621 -1.32154 -177.315
41    9.61898 -4.17497  47.3366       -176.921 -1.37869 -176.896
42    9.84387 -4.52871  47.5076       -176.872 -1.40158 -176.877
43    9.83647 -4.60726  47.4984       -177.052 -1.31987 -176.821
44    9.65687 -4.69794  47.5337       -177.379 -1.43405   -176.7
45    9.44324 -4.98381  47.5621       -177.487 -1.22325 -176.837
46   9.28258 -5.2252 47.6012       -177.355 -1.07431 -176.768
47     9.3054 -5.49472  47.6024       -177.412 -1.26919 -176.636
48    9.40602 -5.82023  47.5639        -177.41 -1.50292 -176.612
49    9.55349 -5.92618  47.5035       -176.967 -1.92344 -176.294
53    9.70999 -6.34042  47.6234       -176.448 -1.35001 -176.111
54    9.53826 -6.78036  47.3746       -177.098 -1.54096 -175.465
55     9.7709 -7.31167  47.3612       -177.199 -1.71989 -175.338
56    10.0728 -7.42283  47.4197       -177.341  -1.8476 -175.134
57    10.1721 -7.49914   47.472       -177.294  -1.8515 -175.013
58    10.2306 -7.56481  47.5469       -177.203 -1.86559 -174.838
62    10.4436 -7.80192  47.9455       -176.836  -1.1388  -173.68
63    10.7358 -7.96548  47.9038       -176.703 -1.52443 -173.478
64    10.9152 -8.27236  47.9619        -176.53 -1.49867 -172.608
65    10.7227 -8.53038  47.9754       -176.589 -1.33656 -172.518
66    10.6956 -8.87167   47.939       -176.553 -1.44063 -172.775
67    11.1254 -9.01669   47.998       -176.201 -1.92221 -172.851
68     11.131 -9.29643  48.0301       -175.822 -1.84741 -172.366
69    11.3055 -9.74041  48.0603        -175.81 -2.18437 -171.969
70    11.3218 -10.1542  48.0416       -175.743 -2.26099 -171.395
71    11.2843 -10.3861  48.0134       -175.665 -2.14382 -171.143
72    11.7848 -11.1142  48.0921        -175.84 -2.74647 -171.302
73    11.8123 -11.2892  48.1295        -175.89  -2.7911 -171.471
74    11.8136 -11.4692  48.2164       -175.366 -2.43292 -171.598
79     12.081 -12.1167  48.3736       -174.681 -2.87107  -172.08
80     12.391 -12.3272  48.3879       -174.346 -2.96554 -171.895
81    12.4263 -12.5091  48.3892       -174.321 -3.05902 -171.942
82    12.6971 -12.9461  48.5184       -174.177 -3.20683 -172.023
83    12.9983 -13.2734  48.6821       -173.879  -3.1578 -171.885
84    13.5589 -14.1691  48.8805       -173.771 -3.31081 -171.881
85    13.9847 -14.7935  49.0647       -173.739  -3.4435 -171.836
86    14.2393 -15.4125  49.3332       -173.562 -3.41037 -171.761
