14    7.92874 -4.18884   48.209        178.362 -3.65992  177.242
15    6.92374 -4.67233  48.4037        178.319 -2.29533  175.184
16    6.69945 -3.44648  48.3209        178.843 -1.29985  174.451
17    6.20266 -1.97601  48.0576         178.978 -0.430521   175.254
18     5.9936 -1.55786  48.0657          178.438 -0.0289517    174.754
19    6.32039 -1.49592  48.1022         178.483 -0.298836     174.6
20     5.8951 -1.44991  48.0877       178.842 0.19543 174.486
21      6.075 -0.98364  47.9605       178.707 0.09898 174.812
22   6.01861 -1.2532  48.115        178.765 0.131145  174.246
23    6.29723 -1.04664  48.1132          178.732 -0.0928113    174.436
24    6.06319 -1.35329  48.2634        178.676 0.425166  174.123
25    6.42879 -1.40267   48.244         178.72 0.154518  174.455
26    6.07514 -2.52586  48.2471        178.777 0.501015  174.211
27    6.38622 -2.73604   48.133        178.748 0.219413  174.843
28     6.3257 -3.53861  48.1674        179.085 0.787968  174.962
29    6.37111 -3.78156  48.1052         179.03 0.872906  175.225
30    6.26273 -4.25803  48.1741       178.822 1.04511 175.186
31    6.51722 -4.35992  48.1811        178.709 0.789537  175.399
32     6.2318 -4.70295  48.0902       178.581 1.17037 175.603
33    6.61818 -5.12324  48.0323        178.259 0.766299  175.741
34    5.95546 -5.63323  47.8865       177.876 1.45209 176.007
35      6.531 -6.00139  47.8219        177.805 0.762785  176.371
36    5.72453 -5.93181  47.5724       177.746 1.53688 176.822
37    6.4434 -6.1753 47.5665        177.536 0.712705  176.759
38   6.00803 -6.0262 47.4656       177.431 1.27531 177.058
39    6.49812 -6.30971  47.4813        177.274 0.691179   176.82
40    6.23158 -6.36544   47.434       177.064 1.26011 177.122
41    6.66569 -6.62121  47.4832        176.812 0.795685  177.064
42    6.15633 -6.65099  47.4029       176.481 1.22501 177.253
43    6.77719 -6.98349  47.3817        176.432 0.471525  177.139
44    6.23677 -6.97836  47.2844       176.238  0.9682 177.513
45   7.14622 -7.5031  47.345          175.968 -0.0711847    177.371
46     6.7775 -7.36566  47.3358        175.734 0.642841  177.966
47    7.27037 -7.85157  47.4363        175.659 0.188836   177.77
48    6.94092 -7.79581  47.4769        175.464 0.746029  178.469
49    6.87972 -7.92802  47.5374        175.057 0.706655  178.887
50    7.52838 -8.04563  47.6572         174.866 0.0905927   179.262
51    8.04831 -8.74443  47.8279         174.804 -0.519591   178.956
52    7.42693 -8.49975  47.8358       174.526 0.15288 179.627
53    7.95619 -9.19865  47.8854         174.628 -0.737033   179.161
54   8.02199 -8.9041 47.7999         174.738 -0.892709     179.1
55    7.75849 -8.89842  47.8216         175.375 -0.245094   178.211
56    6.78655 -9.11593  47.9299        175.781 0.903386  177.833
57    7.92466 -9.49398  47.9775         175.732 -0.611146   177.321
58     7.3141 -9.68282  48.0192          175.405 -0.0828299    177.241
59    7.78195 -10.1097  48.0316       175.108 -0.7341 176.786
60    7.18191 -9.81268  48.0061         175.242 -0.176774   176.674
61      7.821 -10.5944  48.0987        175.367 -1.01139  175.853
62    7.26798 -10.1357  48.1243        175.526 -0.45949  176.056
63     8.0814 -10.9668  48.2031          175.9 -1.32484  175.075
64     7.4133 -10.8786  48.2407         176.062 -0.339413   174.994
65   8.03163 -11.661 48.3717         176.166 -0.949967   174.637
66    7.43711 -11.2624  48.4761         175.972 -0.101768   175.595
67    8.24209 -11.9147  48.4479       175.802 -1.0657  175.16
68    7.63882 -11.5419  48.4192         175.499 -0.469944   175.827
69    7.86672 -12.2748  48.5187        175.548 -1.07042  175.472
70    7.66687 -11.6584  48.7382         175.909 -0.932993   176.751
71     8.2559 -12.5747  48.9378        176.163 -1.64652  176.242
72    7.37049 -12.3879   49.315        176.692 -1.05424  177.632
73    7.10219 -11.1431  49.6956         176.675 -0.662721   179.341
74   6.62181 -9.5855 49.8171         176.445 0.0736429  -178.743
75    6.87626 -11.4821  49.8124         176.408 -0.488949   179.145
76    6.49733 -9.62324  49.8921         176.332 -0.279761  -178.966
77    6.89379 -11.6984  49.8905        176.408 -1.03328  178.724
78    6.96895 -9.81824  49.9318         176.286 -0.837081  -179.576
79    6.97719 -12.3467  49.7992         176.32 -1.05278  177.501
80    6.79418 -10.2872  49.9889         175.99 -0.77042  179.987
81    7.20697 -12.4283  49.9204          175.8 -1.29573  178.054
82    7.02571 -12.1292  50.2363         175.355 -0.860273   179.364
83    7.35911 -13.4714  50.1811        175.176 -1.34005  178.293
84    7.51601 -11.6174  50.4701        174.806 -1.25455 -179.213
85    7.58587 -13.8175  50.2592        174.808 -1.48968  178.756
86    7.55749 -11.7348   50.565        174.834  -1.3415 -178.608
87    7.69049 -13.9995  50.2298       174.815 -1.8621 179.091
88   7.64903 -12.882  50.575          174.7 -1.72141 -178.818
89    7.67307 -14.7504  50.3861        174.691 -1.84953  179.781
90     7.9004 -12.6895  51.0064        174.636 -1.74241 -177.102
91    7.85939 -15.3545  50.6253        174.754 -1.84066 -179.554
92    7.76576 -13.1371  51.2017        174.804 -1.58935 -176.643
93    7.83373 -16.1084  50.7115        174.685 -2.06073 -179.462
94    7.73964 -13.4915   51.564        174.613 -1.47699 -175.588
95   7.78405 -16.651  51.027        174.662 -1.63841 -178.626
96    7.95753 -14.1984   51.859        174.591 -1.21225 -175.248
97    7.75472 -17.5067  51.1814        174.642 -1.29432 -178.575
98     7.7877 -14.6748   51.912        174.444 -1.21428 -175.255
99    7.82376 -17.7643   51.136        174.438 -1.74992  -178.63
100    7.67746 -15.1322  51.8199        174.935 -1.46596 -175.968
101    7.34253 -18.1613  51.0614         175.83 -1.38702 -179.783
102    7.26327 -15.4573   51.923        176.303 -1.34623 -176.866
103    7.33896 -18.5154  51.1266        176.261 -1.79855  179.561
104    6.96107 -17.0999  51.6592        176.109 -1.53245 -179.021
105    7.20984 -19.4897  51.1497        175.978 -1.96779  178.529
106   7.14214 -17.936 51.8585        175.608 -1.77027 -179.192
107    7.22625 -20.2737  51.4774        175.667 -1.95024  178.866
108   7.43423 -18.319 52.4336        175.477 -2.06721 -178.477
109    7.30349 -21.3624  51.7072         175.51 -2.20707  178.843
110    7.15725 -19.6725  52.6665        175.431 -2.14192 -178.717
111    7.05574 -22.1041  51.9412        175.464 -2.44228  178.703
112    7.11181 -20.8463  52.6452        175.308 -2.61762 -179.852
113    6.99969 -22.6125  52.0066        175.342 -2.81468  178.149
114    7.29028 -21.1772  52.6248       175.219 -3.3069 179.626
115   7.13163 -23.274 51.9288        175.109 -3.36169  177.517
116    7.08188 -23.5926  52.0412        174.856 -3.23879  177.524
117    7.24339 -24.0679  52.1113        174.742 -3.42418  177.171
118     7.8082 -22.9853  53.0685        174.293 -3.79553  179.253
119    7.21121 -25.7253  52.3552        174.354 -3.56035  176.995
120    7.82119 -24.8838  53.3432        174.168 -4.16577  178.596
121    7.54884 -27.1556  52.7147        173.998 -4.07556  176.534
122    7.58481 -27.9172   52.954        173.432 -4.37625   176.85
123    6.82464 -29.3052  52.7819        173.401 -4.13125  176.343
124     7.4683 -29.1104  53.4833        174.292 -5.98901 -179.098
