14    6.11414 -4.28022  48.2422         178.85 -1.60642  177.079
15    5.87147 -3.26202  48.0926        178.836 -1.10851  176.792
16     5.906 -1.7631 47.8878         179.079 -0.385452    176.38
17    6.04518 -1.20099  47.8351         178.732 -0.185241   176.148
18      5.8909 -0.373152   47.7023        178.392 0.137611  176.148
19      5.90057 -0.0273426    47.6237       178.707 0.18765 176.342
20     5.88072 0.0904334   47.5729        178.697 0.278483   176.31
21   5.90243 0.27655 47.5161        178.619 0.345453  176.327
22    5.94186 0.496224  47.4989        178.695 0.280683  176.331
23    5.96248 0.465466  47.5582        178.731 0.332452  176.249
24    6.16933 0.390794  47.6628        178.598 0.365638  176.199
25      6.35234 -0.0568544    47.7355         178.72 0.268711  176.087
26    6.26076 -1.03279  47.7768        178.656 0.337596  175.992
27    6.26592 -1.82248  47.8651        178.715 0.367562  175.939
28     6.6649 -2.57842  47.9045        179.009 0.414224  176.109
29    6.81333 -3.04446  47.9548        178.911 0.365473  176.106
30    6.79719 -3.53234  48.0342        178.759 0.431946  176.046
31    6.79041 -3.76151  48.0622       178.645 0.47362 176.112
32    6.91162 -4.27251  48.0074        178.436 0.386854  176.121
33   6.84589  -4.779 47.9694        178.168 0.496043  176.142
34    6.83874 -5.41871  47.9105        177.799 0.411787  176.287
35    7.08203 -5.94949  47.8786        177.822 0.091776  176.442
36    6.75164 -6.24658  47.7038        177.569 0.306276  176.481
37   6.97172 -6.3238 47.6667         177.487 0.0581852   176.591
38    6.98435 -6.58962  47.6344         177.304 0.0820558   176.427
39    6.98611 -6.70101  47.6133          177.19 0.0692325   176.359
40    7.26586 -7.01696  47.6199           176.947 -0.00832097     176.404
41    7.48525 -7.24504  47.6422         176.628 -0.230099   176.355
42    7.27378 -7.54499  47.6116         176.433 -0.181243   176.274
43    7.29524 -7.61147  47.5512         176.334 -0.203049   176.408
44    7.35511 -7.93378  47.4986        176.101 -0.44285   176.45
45    7.46824 -8.18286  47.5002         175.865 -0.526236   176.563
46    7.66975 -8.51752  47.5482         175.649 -0.524161   176.669
47    7.74023 -8.74845   47.589         175.567 -0.467332    176.73
48    7.97719 -9.12316  47.6682         175.32 -0.61233  176.994
49    7.95012 -9.49394  47.7601         174.913 -0.726276   177.131
50    8.10361 -9.74929  47.8522         174.829 -0.781775   177.306
51   8.15845 -10.026 47.9348         174.626 -0.806883   177.443
52   8.14758 -10.408 47.9822         174.478 -0.918125   177.462
53    8.04717 -10.6344  47.9648        174.491 -1.02945  177.463
54   8.01428 -10.879 47.9431        174.685 -1.11132   176.77
55     8.2735 -10.8993  47.9555         175.38 -1.05483  175.894
56     8.4121 -11.1674  48.0479        175.599 -1.18603   175.56
57    8.37204 -11.3301  48.0689        175.608 -1.31854    175.2
58    8.32596 -11.5709  48.0849         175.24 -1.45834  175.147
59    8.27512 -11.7003  48.0645        175.096 -1.49715  174.957
60    8.32804 -11.7419  48.0612        175.235 -1.71842  174.536
61    8.30957 -11.8781  48.1012        175.224 -1.73064   174.38
62    8.44392 -12.0835  48.1465        175.537 -2.01917  173.894
63    8.47411 -12.2631  48.1693        175.82 -1.9207 173.578
64    8.66875 -12.4661  48.2077       175.952 -1.9448 173.252
65    8.76648 -12.7836  48.3046        176.015 -1.92718  173.374
66    8.86515 -13.1221  48.3867        175.853 -1.92978   173.56
67     8.8777 -13.2925  48.3378        175.687 -1.95678  173.596
68     8.8297 -13.5406  48.2984        175.428 -2.05712  173.625
69    8.73311 -13.6853   48.382        175.553 -2.24006  173.892
70    8.63354 -13.9366  48.5925        175.895 -2.25269  174.206
71    8.64676 -14.1824  48.7443        176.032 -2.26473  174.396
72    8.50752 -14.7789  49.0743        176.728 -2.51938  174.964
73    8.51222 -15.0777  49.2587        176.817 -2.52498  175.033
74    8.54034 -15.3303  49.3416        176.644 -2.50168   174.99
75    8.45936 -15.4194  49.3362        176.658 -2.54601  174.846
76    8.26432 -15.5799  49.3466         176.66 -2.70008  174.527
77    8.32626 -15.6704   49.369         176.66 -2.92303  174.372
78   8.26241 -15.836 49.3417        176.601 -2.72765  173.816
79    8.33254 -15.9691   49.332         176.55 -2.83873   173.55
80    8.28249 -16.2668  49.3334        176.292 -2.91707  173.451
81    8.39988 -16.5367  49.3746        176.067 -2.96126  173.587
82    8.49628 -17.0569  49.4489        175.694 -2.95164      174
83    8.52731 -17.3632  49.4307        175.421 -3.02022  174.036
84    8.51474 -17.7014  49.4295        175.139 -2.98315  174.125
85    8.55996 -17.9348  49.4345        175.121 -2.99503  174.236
86    8.54824 -18.1143  49.4061       175.122 -3.0987 174.389
87    8.50763 -18.2292  49.3701       175.085 -3.2043  174.42
88   8.40072 -18.658 49.3887        175.017 -3.16186  174.798
89    8.37606 -18.9948  49.4347        174.983 -3.06888  175.072
90     8.3785 -19.4439  49.5008        174.944 -2.97999  175.423
91     8.4253 -19.7039  49.5362        175.074 -2.90457  175.593
92    8.28679 -20.0219  49.5455        175.054 -2.87279  175.719
93    8.20135 -20.2984  49.5273        174.944 -2.90691  175.824
94    8.11875 -20.7501  49.6465        174.977 -2.64601  176.352
95     8.2048 -21.0524  49.6772        174.859 -2.56922  176.407
96    8.25905 -21.4265  49.7493        174.873 -2.31163  176.703
97    8.35573 -21.6151  49.7506        174.867 -2.39914  176.767
98    8.17111 -21.8566  49.6972        174.689 -2.43058  176.724
99    8.09817 -21.9566  49.6272        174.684 -2.52224  176.568
100    8.11059 -22.0749  49.5792       175.355 -2.6059 176.223
101     8.0675 -22.0931  49.5606         176.19 -2.48084  175.694
102    8.13488 -22.3856   49.587        176.493 -2.82893  175.365
103    8.24103 -22.5684  49.5457        176.511 -3.09731  174.908
104    8.07402 -22.8956  49.5276         176.53 -3.17414   174.44
105    8.13193 -23.0338   49.544        176.222 -3.26713  174.419
106    8.06223 -23.5143  49.6269       176.074 -3.2208 174.497
107    8.16459 -23.8857  49.7192        176.027 -3.25753  174.667
108    8.03537 -24.3182  49.7653        175.878 -3.24571  174.683
109   7.94087 -24.729  49.826        175.859 -3.17481  174.855
110    7.77944 -25.3504  49.8411        175.865 -3.30741  174.741
111    7.66442 -25.5314  49.8591        175.815 -3.38866  174.588
112    7.53737 -25.7595  49.8775        175.728 -3.50683  174.368
113    7.54308 -25.8656  49.8485        175.722 -3.67529  174.179
114    7.43595 -26.0508  49.7924       175.643 -3.9091 173.846
115    7.44115 -26.2889  49.7732        175.445 -3.97241  173.765
116   7.51311 -26.677 49.8436        175.307 -3.97642  173.716
117    7.57163 -26.9443  49.8716        175.081 -4.06607  173.537
118    7.47839 -27.6101  49.9518        174.727 -3.96795  173.615
119    7.40029 -28.2769  49.9942         174.75 -4.02225  173.626
120    7.37415 -29.0201  50.0764       174.553 -4.1955  173.37
121    7.37996 -29.4927  50.0971        174.173 -4.24187   173.26
122    7.12856 -30.4106  50.0585        173.755 -4.25526   173.29
123    6.70401 -31.1766  49.9672        173.794 -4.23581  173.401
124    8.84093 -34.2954  49.5089        176.077 -7.87555  174.305
