14    6.55524 -4.73584  48.3332        178.882 -2.13835  176.571
15    6.42467 -3.86716  48.2217        178.837 -1.76414  176.113
16    6.12951 -2.54258  48.0762         179.104 -0.662916   175.485
17    6.61371 -1.95635  48.0571         178.706 -0.864283   175.279
18    6.31523 -1.38855  48.0001        178.341 -0.38514  174.973
19    6.22669 -1.07301  47.9252         178.689 -0.223284   175.128
20     6.33747 -0.979448   47.9089         178.683 -0.284727    175.07
21      6.3754 -0.762665   47.8444         178.583 -0.229698   175.116
22     6.48651 -0.557343   47.8599         178.688 -0.388976   175.102
23     6.35965 -0.710506   47.9434         178.714 -0.163634   174.879
24     6.45163 -0.674775   47.9997          178.582 0.00357155    174.959
25    6.80252 -1.06608  48.0714         178.701 -0.280368    174.91
26    6.63347 -1.96614  48.0453         178.641 -0.120675   174.909
27    6.63293 -2.58092  48.0485          178.715 -0.0749419    175.071
28    6.92001 -3.30178  48.0932        178.987 0.103104  175.266
29     6.9884 -3.78333  48.0909          178.9 0.143817  175.259
30    7.15094 -4.10021  48.1579         178.716 0.0128504   175.392
31     6.9452 -4.36719  48.1849        178.638 0.274391  175.405
32    7.40396 -4.72274  48.1115         178.442 -0.197603   175.613
33    7.27392 -5.26336  48.0708          178.154 -0.0200026    175.597
34    6.99963 -5.87584  47.9626        177.783 0.209137  175.762
35      7.367 -6.36911  47.9148         177.796 -0.258938   175.965
36   6.87241 -6.6087 47.7457        177.583 0.147794  176.066
37    7.05031 -6.58432  47.6932          177.485 -0.0416185    176.284
38    7.20188 -6.88592  47.6768         177.322 -0.188904   176.092
39    7.22043 -6.93804  47.6443        177.194 -0.21348  176.093
40    7.25294 -7.28678  47.6423          176.955 -0.0102336    176.083
41    7.55232 -7.41284  47.6648         176.655 -0.314962   176.161
42    7.31584 -7.68903  47.6194         176.444 -0.235047   176.101
43    7.47206 -7.91895  47.5706         176.337 -0.434352   176.059
44    7.62803 -8.15436  47.5156          176.09 -0.776332   176.217
45    7.63402 -8.34018  47.5071         175.887 -0.732088   176.394
46    7.94612 -8.75106  47.5548         175.666 -0.868987   176.421
47    7.73719 -8.90139  47.6028         175.588 -0.473533   176.546
48    8.07856 -9.24457  47.6676         175.333 -0.737103   176.857
49     8.0508 -9.65222  47.7552         174.923 -0.860103   176.954
50    8.15112 -9.87106  47.8594         174.844 -0.845936   177.171
51    8.33496 -10.0908  47.9345        174.644 -1.01894  177.385
52    8.28759 -10.4874  47.9815        174.513 -1.08569  177.382
53   8.09422 -10.695 47.9619        174.521 -1.08717  177.394
54    8.03654 -10.9332  47.9391        174.702 -1.14064  176.704
55    8.32246 -10.9335  47.9529        175.398 -1.11139  175.852
56    8.53181 -11.2144  48.0453        175.612 -1.32615  175.506
57    8.47528 -11.3171  48.0551        175.622 -1.43177  175.212
58     8.4221 -11.5608  48.0779         175.25 -1.56029  175.155
59    8.54159 -11.7236  48.0558        175.117 -1.80378  174.946
60    8.25783 -11.7618  48.0609        175.247 -1.62801  174.495
61     8.4964 -11.9259  48.0971        175.251 -1.94569  174.333
62    8.46272 -12.0749  48.1457        175.557 -2.03224  173.894
63    8.59021 -12.2497  48.1779        175.849 -2.04464  173.592
64    8.74777 -12.5191  48.1944       175.983 -2.0317 173.182
65     8.8338 -12.7085  48.3077        176.053 -1.98697  173.448
66    8.92816 -13.0613  48.3831        175.869 -1.98554  173.625
67    9.03729 -13.2807   48.329          175.7 -2.13218  173.613
68    9.02826 -13.4962   48.298        175.449 -2.26914  173.681
69    8.77923 -13.6214  48.3826       175.568 -2.2762 173.955
70     8.6365 -13.8109  48.6016        175.904 -2.23512  174.337
71    8.64929 -14.1047   48.756        176.048 -2.25079  174.471
72    8.54877 -14.6358  49.0869         176.75 -2.55162  175.122
73    8.38157 -14.9231  49.2912        176.819 -2.35594  175.193
74    8.47456 -15.1277  49.3582        176.634 -2.40324  175.203
75    8.56217 -15.3754  49.3531        176.691 -2.65323  174.894
76    8.19238 -15.3638  49.3736        176.653 -2.59132  174.752
77    8.30513 -15.6402  49.3696        176.666 -2.88864  174.398
78     8.1967 -15.6198  49.3733        176.603 -2.62475  174.039
79    8.43123 -15.8798  49.3501       176.577 -2.9321  173.65
80    8.26048 -16.1759  49.3424        176.306 -2.87247   173.54
81    8.24656 -16.4667  49.3912        176.067 -2.77145   173.64
82    8.46294 -16.9305  49.4803       175.707 -2.8891  174.13
83    8.49942 -17.2471  49.4634         175.42 -2.96382  174.157
84   8.33338 -17.632  49.464       175.145 -2.7602 174.175
85    8.40166 -17.7661  49.4836        175.122 -2.78453  174.399
86    8.44637 -18.0027  49.4452         175.14 -2.95873  174.496
87    8.44059 -18.1587  49.4037        175.106 -3.10939  174.484
88    8.21998 -18.5467   49.426        175.022 -2.93415  174.902
89    8.22139 -18.8369  49.4893       174.976 -2.8673 175.229
90    8.28732 -19.3575  49.5458       174.953 -2.8575 175.508
91    8.34683 -19.6674  49.5599        175.075 -2.80359  175.626
92     8.1928 -19.9567  49.5723        175.058 -2.75264  175.783
93    8.00643 -20.1143  49.5989        174.942 -2.65664  176.009
94    7.95855 -20.6423  49.6918       174.975 -2.4442 176.456
95     8.0024 -20.9703  49.7236        174.861 -2.32607   176.48
96    8.06984 -21.2339  49.8171        174.868 -2.07185  176.898
97    8.17998 -21.5319  49.7823        174.876 -2.18332   176.84
98    7.90946 -21.6998  49.7622         174.68 -2.11266  176.874
99    7.86081 -21.8485  49.6717        174.688 -2.23325   176.66
100    7.93917 -21.9672  49.6245       175.356 -2.3978 176.328
101    7.94511 -22.0596  49.5881        176.213 -2.33287  175.719
102    7.87694 -22.3283  49.6166        176.489 -2.52578   175.41
103    8.08409 -22.4542  49.5927        176.511 -2.89958  175.023
104    7.75711 -22.8295  49.5697        176.525 -2.80098   174.49
105    7.93611 -23.0051  49.5743        176.222 -3.03221  174.436
106    7.83634 -23.4712  49.6572        176.079 -2.95304  174.526
107    8.07475 -23.8118  49.7676       176.041 -3.1404 174.747
108    7.82642 -24.2106  49.8325        175.871 -2.99029  174.794
109    7.73928 -24.7041  49.8541        175.876 -2.93486  174.865
110    7.50403 -25.2015  49.9112         175.83 -2.97836  174.889
111    7.35965 -25.3975  49.9224        175.781 -3.02926  174.716
112    7.31269 -25.6477  49.9481       175.731 -3.2349  174.48
113    7.34906 -25.7299  49.9192        175.692 -3.43642   174.32
114    7.28184 -25.9972  49.8346        175.644 -3.71888  173.892
115    7.18555 -26.1812  49.8369        175.428 -3.66445  173.866
116    7.35013 -26.6209  49.8716        175.288 -3.78092  173.765
117    7.29715 -26.8487  49.9356        175.053 -3.74507  173.624
118    7.15026 -27.5599  49.9864        174.708 -3.58793  173.635
119    7.19055 -28.1908  50.0481        174.736 -3.77117  173.703
120    7.10836 -28.8843  50.1746        174.525 -3.87873  173.506
121    7.11839 -29.3738  50.1849       174.151  -3.927 173.372
122    6.89536 -30.2962   50.141        173.721 -3.97683  173.401
123    6.36697 -31.0568  50.0617        173.752 -3.84735  173.505
