28    16.7102 -9.46617  51.2802       -100.002 -5.68062  179.622
29    17.2711 -8.15235  50.9964       -100.162 -6.29411 -179.706
30    17.3191 -8.88485  51.1162       -100.334 -5.21236 -179.057
31    16.8048 -8.81507   51.236       -99.3394 -5.71043 -179.408
32    17.0271 -8.52066  51.2346       -98.4345 -6.54413  179.211
33    17.2088 -10.0331   51.255       -99.1207 -5.90842  178.383
34     17.019 -9.74874  51.3934       -100.038 -6.99356  178.869
35    16.9114 -10.7398  51.6084       -99.8032 -6.61384  178.733
36    17.4691 -9.93419  52.8692       -98.4323 -8.76175  178.847
37    16.2397 -3.97444  50.5544       -97.0522 -15.0807  -179.58
38    15.6302 -3.91021  52.4608       -96.9797 -14.1836  -178.58
39    17.3462 -6.45709   52.558       -97.2398 -10.9863  179.355
40    19.7052 -12.6462  52.3185       -98.5099 -2.78196  179.095
41    23.1994 -16.2483  51.6317       -98.8498 0.728259  178.369
42    16.9752 -17.6156  53.3118       -98.8109  3.12818 -173.129
43    18.8194 -11.7032  53.2536       -99.2519 -3.41973 -174.657
44    16.5665 -10.0401  53.5208       -99.3589 -4.67002 -172.965
45    17.1953 -9.62498  53.3477        -99.515 -4.96073 -173.893
46    16.4802 -8.59454  53.4241       -100.048 -4.75311 -172.813
47    17.4001 -8.69977  53.2823        -100.32 -4.29309 -173.593
48    16.1413 -9.00574  53.5276       -100.939 -2.20211 -171.954
49     20.607 -10.8978  52.9476       -101.499 -0.67809 -177.109
50    22.5465 -8.45675    51.86       -101.283 -3.43226 -179.516
51    22.0249 -8.45915  51.9566       -101.303 -3.64531 -179.227
52    22.6179 -9.85889   51.924       -101.13 -2.3547 179.243
53   24.0204 -13.024 51.0082       -101.287 0.594241  176.498
54    23.4296 -7.31506  50.2398        -100.37 -5.36543  177.753
55    21.2961 -7.88844  51.3454       -100.582 -4.97023 -179.965
56    21.2425 -8.57214  51.6135       -100.909 -4.71861 -179.919
57     20.829 -7.98708  51.9704       -100.836 -5.11575 -179.379
58     20.842 -8.11587  51.8061       -101.009 -4.98054 -179.888
59    21.8593 -6.21325    50.44       -101.069 -7.40044  178.566
60    22.1938 -5.03408  49.0287       -101.271 -9.38373  178.442
61    21.7999 -5.23211  49.3429         -101.8 -8.81104  179.217
62     20.276 -5.94953  51.6958       -101.589 -6.62353 -178.739
63    20.215 -5.7174 51.7512       -101.332 -6.31673 -178.514
64    20.2278 -5.24851  51.8081       -101.115 -6.33938 -178.674
65    20.7997 -4.74047  51.3339       -101.164 -6.92628 -179.133
66    22.7507 -3.72639  49.8247       -101.103 -8.19657  178.563
67     21.946 -4.16178   50.977       -100.958 -7.59143  179.868
68    20.7657 -6.69146  52.2217       -101.756 -5.29248  -178.83
69    17.9506 -7.79368   53.265       -102.281 -3.65754 -175.918
70    17.4269 -7.87754  53.3125        -102.53 -3.46034 -175.562
71    17.7825 -7.80353  53.2873       -102.574 -3.66624 -175.991
72   17.1184 -7.8247 53.3838       -102.731 -3.50713 -175.529
73    15.0302 -9.49861  53.8972       -103.234 -1.57577 -173.911
74    15.7811 -10.2115  53.9141       -102.578 -1.51178 -174.922
75    14.1259 -8.47797  54.3765       -101.853 -2.72028 -172.955
76    16.2786 -8.43221  53.4757       -101.944  -3.1584 -174.935
77    17.2293 -7.92057  53.2678        -101.77 -3.51276 -175.912
78    17.0033 -8.40885  53.6238       -101.789 -2.81223 -175.753
79    15.4295 -7.53089  54.0986       -101.633 -3.06892 -174.029
80    13.3979 -9.14191  54.5516       -102.849 -1.13914 -172.084
81     19.118 -5.86715  52.7079       -101.766 -5.61722 -177.387
82    19.3053 -6.05722  52.5199        -101.76 -5.70744 -177.728
83   19.3685 -5.8934 52.5872        -101.84 -5.82116 -177.645
84    19.3287 -6.07323   52.693        -101.87 -5.53214 -177.572
85    19.1822 -6.19593  52.6619       -101.828 -5.52531 -177.567
86    19.059 -5.9619 52.4778       -101.796 -5.81148 -177.629
87      19.11 -6.28845  52.5121        -101.79 -5.56735 -177.689
88    19.1133 -6.16916  52.6386       -101.747 -5.82925 -177.355
89    19.6169 -5.81227  52.5209       -101.719 -6.53733 -177.773
90   22.5485 -3.9345 51.6141       -101.451 -9.30132  179.614
91    19.0039 -4.57612    52.14        -101.64 -7.56884 -176.663
92      17.9217 -0.0783214    50.7726       -101.527 -11.6158 -174.785
93    19.0501 -5.83848  52.3901       -101.885 -5.52417 -177.468
94    19.2849 -5.37403  52.0229       -101.967 -5.36711 -178.119
95    19.2263 -5.71072  51.9922       -101.973 -4.74555 -178.303
96    19.6015 -5.58483  52.0779       -102.043 -4.67821 -178.686
97    19.6207 -5.86293  52.3713       -102.192 -4.57052 -178.531
98   19.9359 -5.5818 52.0206       -102.198  -5.2284 -178.684
99    20.5521 -4.49702    50.89       -102.195 -6.91052 -179.272
100    20.5984 -4.86296  51.5908        -102.36 -6.24483 -179.638
101    18.5116 -3.11056  53.0994       -102.575 -7.49937 -176.953
102    18.4457 -7.32648  52.5063       -103.186 -3.30824 -178.359
103    19.0233 -7.46308  52.3338       -103.376 -3.72664 -178.787
104    18.9044 -7.01272  52.4733       -103.119 -4.34154 -178.058
105    18.4879 -7.04887  52.4573       -102.986  -4.3386 -177.642
106    18.5646 -7.18439   52.401       -103.058 -4.51265 -177.802
107    18.3466 -6.97771  52.4124        -102.99 -4.66165 -177.679
108     18.069 -7.01755  52.5878       -102.891 -4.27713 -177.531
109    16.1461 -7.90377  52.9611       -103.323 -3.05691 -175.837
110    17.2623 -1.73188  52.9675       -103.568 -9.93519 -175.481
111    20.6732 -8.21768  51.5386       -102.775 -4.06515  179.472
112   20.7575 -1.5473 49.0634       -102.852  -11.498 -178.949
113    17.8232 -2.41641  51.4328       -102.114  -9.0961 -176.305
114    18.2043 -5.51557  52.2882       -102.143  -5.9549  -177.62
115     18.679 -6.03414   52.283       -102.263 -5.52126 -178.062
116    18.0808 -4.95646  52.1659       -102.254 -6.57576 -177.098
117    17.8714 -1.64202  50.6388       -102.289 -10.4119 -176.007
118    18.9454 -1.56761  52.6884       -102.761 -10.5561 -177.181
119   23.1393 9.32819 49.3382       -102.649 -23.6336 -179.467
120    19.0376 -7.13735  52.3011       -102.816 -4.61952 -178.652
121    18.1665 -6.02296  52.3177       -102.817 -5.62192 -177.582
122    18.1755 -5.73743  52.1949       -102.851 -6.04328 -177.611
123   18.1806 -5.7574  52.418       -102.754 -5.90633 -177.612
124   18.0699 -4.9195 52.2479        -102.68 -6.18225 -177.643
125    18.5093 -5.44304   52.361       -102.699 -5.44446 -178.084
126    18.0453 -5.23042  52.7236       -102.418  -5.5462 -177.321
127    21.3469 -2.66222  51.6898       -101.737 -8.74396  179.508
128   25.6759 2.21208 48.4678       -101.213 -15.4804  175.181
129     25.0264 -0.523495   50.4056       -101.397 -12.0449  176.241
130    17.6473 -6.34037  53.1194       -102.067 -4.14655 -176.962
131     17.084 -7.95977  53.4954       -102.195 -2.52884 -176.866
132     16.856 -8.20781   53.422       -102.267 -2.42509 -176.842
133    17.1492 -7.62422  53.0045       -102.297   -3.143 -177.114
134    17.0825 -8.39037  53.4222       -102.237 -2.12688 -177.078
135    17.0431 -7.80016  53.4149       -102.102 -2.62571   -176.8
136    16.3969 -6.42627  53.5723       -102.631 -3.40144 -176.129
137    17.9361 -4.77251  52.8993       -102.492 -5.46562 -177.511
138   17.5582 -5.2811  52.942       -102.531   -5.021 -177.075
139   17.6191 -5.7688 52.8984       -102.597 -4.92448 -177.099
140   17.8166 -5.5337 52.9646       -102.535 -5.57081 -177.041
141    17.7795 -5.53654  53.1354       -102.429 -5.42117 -176.869
142    17.2182 -5.06045  53.1513       -102.182   -5.617 -176.427
143    17.5033 -5.38066  53.0787        -102.22 -5.40488 -176.873
144    17.2842 -4.97552  53.0572       -102.204  -5.7853 -176.711
145    17.3714 -5.51686  53.1111       -102.171 -5.33309 -176.858
146    17.0406 -4.99709  53.0437       -102.134 -5.72889 -176.671
147    17.3965 -5.54505  52.9003       -102.299 -5.23789 -177.412
148    19.1413 -4.02375  52.2698       -102.569 -7.28637 -179.009
149    18.4464 -3.84744  52.7004       -102.898 -7.40929 -178.052
150    18.8797 -4.98217  52.7423       -103.038 -6.37915 -178.638
151   17.2733 -6.8743 53.0069       -103.488 -3.92463 -177.483
152    18.2974 -7.69945  52.3625       -103.607  -3.1224 -179.199
153    18.5948 -8.95153  52.4889       -103.416 -2.01586 -179.699
154    15.7861 -5.96951  52.5886       -102.881 -4.25365 -176.282
155      18.04 -9.20997  52.6295       -103.683 -1.62641 -179.208
156    17.2753 -7.15966  52.8567       -103.624 -3.34512 -177.708
157    17.2445 -7.81671  52.5648       -103.819 -2.45426 -177.998
158    16.7297 -8.63171  52.6923       -104.074 -1.70074 -177.428
159    17.2897 -6.72216  52.9226       -103.873 -3.79985 -177.399
160    17.3435 -7.37171  53.1862       -103.944 -3.51157 -177.337
161   17.2068 -6.2975 53.0426       -103.693 -4.37692 -177.005
162    17.3215 -7.15277  52.9124       -103.728 -3.69698 -177.285
163    17.3645 -6.66125  53.0019       -103.667 -4.37696  -177.01
164    16.5152 -7.10604  53.5511       -103.525 -3.76987 -175.873
165    16.1395 -6.68798  53.7973       -103.152 -4.07069 -175.421
166    17.6244 -6.19149  53.0656       -102.906 -4.64356 -177.132
167    17.8396 -7.15244  53.2062       -102.714 -3.57188 -177.546
168      18.26 -8.53361  53.0125       -102.433  -2.4547 -178.325
169    18.1925 -4.64496  51.4853       -102.727 -6.66936 -177.609
170    20.8749 -7.18397  50.6951       -103.388 -4.78221  178.876
171   18.9501 -6.0612 51.0839       -102.913  -5.1791 -179.222
172    20.8539 -8.26576  50.3432       -103.451 -3.63075  177.868
173    21.2314 -7.18787  49.9176       -103.469 -5.02341  177.867
174    19.7506 -6.50651  51.0481        -102.99 -4.57546  179.813
175    20.8317 -7.47105  50.6679       -102.661 -3.75517   178.73
176    18.8313 -7.03052  52.4038       -103.206 -4.05789 -178.435
177    18.1788 -6.62918  52.4055       -103.199 -4.16373 -177.868
178    17.9823 -6.89672  52.0612       -103.324 -3.96684 -178.189
179    18.2535 -6.71388  51.9806       -103.255 -4.32507 -178.377
180    18.3508 -6.61601  52.1846       -103.061 -4.31802 -178.127
181     18.548 -6.57045  52.3237       -102.762 -4.27868 -178.024
182    18.4239 -6.69283  52.5599       -102.238 -3.99358 -177.844
183    19.7913 -6.44624  51.9499       -101.949 -4.38462 -179.437
184    21.4049 -7.44325  51.6072       -102.672 -4.21366  178.784
185   16.6946 -5.5815 52.7687       -101.605 -4.79167 -175.979
186    16.4235 -2.94947  52.0149       -101.205 -7.27917 -175.209
187      15.701 -0.727137   51.2909       -100.842 -9.20278 -174.261
188    15.9285 -3.17141   51.947         -100.6 -6.82043 -175.164
189     16.5968 -0.512153   50.8059       -100.878 -9.97655 -175.077
190    15.6809 -1.63897  52.6514       -100.522 -7.68771 -174.056
191    20.2002 -6.91421  51.8523       -101.066 -3.21077 -179.593
192    19.8423 -5.17704  52.2854       -100.708 -4.97412 -178.857
193    18.6646 -5.70252  52.4443       -100.718 -4.31442 -177.767
194    18.5127 -6.61951  52.4711       -100.613 -3.95556 -177.516
195   18.5997 -6.1919 52.4408       -100.676 -4.58875  -177.21
196    18.5572 -6.79093  52.6038       -100.534 -4.28133 -177.121
197    18.4675 -6.81546  52.7629       -100.437 -4.47121 -177.079
198    17.9376 -6.45044  52.8871        -100.08 -4.79182 -176.854
199    17.9856 -6.47841  52.6933       -100.038 -4.82131 -177.257
200    18.2369 -6.64997  52.5338       -100.093 -4.60664 -177.586
201    18.5317 -7.58357  52.1363       -100.337 -3.57745 -178.156
202    17.6618 -7.75387  52.7757       -100.282 -3.59015 -177.401
203    17.0018 -7.22109  52.6443       -99.4838 -4.32818 -176.916
204    18.1218 -6.51288   52.937       -99.1797 -5.41785  -177.75
205    18.4444 -6.98225  52.9828       -98.9521 -5.26507 -178.003
206    18.8372 -6.64793  52.8085       -98.7868 -5.82647 -178.174
207    18.8882 -8.09176  52.8968       -98.8532 -4.90874 -178.339
208     18.884 -7.67262   52.817       -98.4357 -6.41633 -178.358
209    20.0563 -4.62554  52.3871       -97.7503 -10.0478 -179.022
210    18.3623 -4.03461  52.1085       -96.6311 -9.36536 -177.112
