28    16.9799 -9.35963  51.2448       -99.9041 -5.80006  179.363
29    17.6275 -8.96321  50.9759       -100.128 -5.48094   179.77
30    18.3586 -8.61722  50.8205       -99.9262 -5.62896  179.827
31    18.0907 -8.52343  50.8724       -98.8785 -6.18103  179.184
32    17.7963 -8.60945  51.0259       -98.4917  -6.5852   178.35
33    17.6006 -9.23956  51.0991       -99.3343 -6.85032  178.101
34    17.4301 -9.58776  51.2746       -99.8103 -7.17921  178.452
35    18.6019 -10.8205  51.0924       -99.5472 -6.83591  176.862
36    17.5827 -13.1873  51.2194       -99.1156 -5.30296  177.776
37    17.6452 -9.92221  51.4888       -97.4205 -8.89214  178.206
38         19 -11.0736  52.1152        -97.704 -7.51838  177.038
39    19.0207 -10.4957   52.177       -97.9306 -7.27699  177.093
40    18.3551 -8.78479  52.3809        -97.982 -6.49917 -178.864
41    21.4233 -9.23314  51.6993       -98.3271 -6.32881 -178.519
42    25.5663 -13.1781   49.085       -97.8941 -2.01686   177.52
43    22.1307 -11.4333  52.2391       -98.9002 -4.21289 -178.179
44    21.2544 -10.8339  52.2298       -99.0988 -4.68202 -178.127
45     20.953 -10.4234  52.2387       -99.3176 -4.81962 -178.055
46    21.0824 -9.69698  52.1633       -99.9211 -4.52791  -177.91
47    21.3009 -9.31281  52.1981       -100.138 -4.43906 -177.842
48    21.8682 -8.20491  52.0915       -100.857 -4.29823 -177.899
49   21.4782 -6.8083 52.0886       -100.561 -4.92104 -177.331
50     21.421 -7.32916   52.273       -100.988 -4.23477 -178.067
51    21.1756 -7.43421  52.3011        -100.93 -4.38844  -178.09
52    20.3787 -6.66879   52.157       -100.478 -5.05721 -177.762
53    21.7509 -7.46605  51.0946       -100.499 -4.64395 -179.882
54    21.0963 -6.30901  51.4608       -100.051 -5.79084  -179.33
55    19.8728 -7.32702  51.9316       -100.472 -5.17052 -178.239
56    19.8129 -7.61725  52.2604       -100.632 -5.27125 -178.106
57    19.7702 -7.44968   52.431       -100.636  -5.3409  -178.07
58    19.4287 -7.31055  52.3722        -100.81 -5.40246 -178.144
59    20.8665 -8.08956  50.8899        -100.76 -4.98258  179.514
60    20.1967 -8.00337    51.14       -101.372 -5.32176 -179.863
61    20.5534 -8.09151  51.2042       -101.786 -5.05377 -179.943
62    19.6208 -7.50006  52.1356        -101.67 -4.82787 -178.303
63   19.7922 -7.0899 52.1401       -101.404 -4.76128 -178.285
64    19.7004 -6.56868  52.2256       -101.274 -4.84188 -178.307
65    21.2311 -7.12136  51.2503       -101.325 -4.68904  179.873
66    21.2861 -7.07509  51.1111       -101.255 -4.20955  179.831
67    20.9528 -6.03274  51.7835       -101.246 -5.44489 -179.296
68    20.0903 -7.00624  52.4675       -101.764 -4.79472 -178.172
69    20.1488 -7.09599  52.4912       -101.962 -4.83504 -178.141
70    20.0481 -7.09818  52.5036       -102.156 -4.81335 -178.189
71    19.9867 -7.08883   52.572       -102.248 -4.86077 -178.193
72    19.8728 -7.07233  52.5111       -102.355 -4.87886 -178.303
73    21.2292 -7.72824  51.2809       -102.207 -4.54447  179.708
74    20.7391 -8.14955  51.5188       -102.179 -5.02796 -179.794
75    20.8433 -8.08099  51.4538       -102.071 -5.08509 -179.885
76    19.5793 -7.48204  52.4546       -101.538 -4.81585 -178.262
77     19.638 -7.18628  52.4891       -101.437 -4.73489 -178.352
78    21.011 -7.8401 51.5964       -101.552 -4.54617 -179.991
79    21.1867 -7.48335  51.4829       -101.841 -4.82851  179.931
80    21.1611 -7.37134  51.5969       -101.579 -4.33872  179.977
81    20.6582 -6.30278  52.2138       -101.408 -5.41544 -179.142
82    19.6284 -7.05228  52.5491       -101.806  -4.7499 -178.259
83     19.706 -7.08114  52.6522       -101.911 -4.66969 -178.227
84    19.7063 -7.05654  52.6847       -101.855 -4.59481 -178.168
85    19.5696 -7.14863  52.6513       -101.873  -4.6293 -178.164
86    19.3641 -7.11037  52.5277       -101.823 -4.68634 -178.176
87    19.3784 -7.22723   52.572       -101.826 -4.65009 -178.148
88    20.4126 -6.92451  52.2755         -101.5 -5.26427 -178.904
89    21.1312 -8.07079  51.4729       -101.616 -4.40166 -179.999
90     21.659 -8.82973  52.0633       -102.304 -4.18119  179.668
91    21.1578 -7.79189   51.665       -101.754 -4.88637 -179.687
92    19.7143 -7.27683  52.5094       -101.691 -4.38132 -178.131
93    19.6046 -7.10056  52.3966       -101.964 -4.34506 -178.306
94    19.5328 -6.50274  52.1194       -102.012 -4.23859 -178.601
95    19.5776 -6.35372   52.006       -101.937 -4.14354 -178.802
96    19.7111 -6.21451  52.1839       -102.087 -4.04009 -178.907
97   19.8178 -6.2918 52.4077       -102.143 -4.16164 -178.815
98    21.3884 -7.23164  51.4842       -102.217 -4.01525  179.345
99    21.3631 -7.32725  51.4997       -102.276 -4.07591  179.279
100    20.7227 -6.63704  51.8377       -102.139 -4.31683  179.967
101    20.6195 -6.87674  51.6702       -102.191 -3.92079  179.806
102    19.1499 -6.68911  52.2174       -103.031 -4.11835 -178.973
103    19.1559 -6.97603  52.3303       -103.104  -4.1848 -178.817
104    19.2939 -7.08545  52.4115       -102.943 -4.31191 -178.495
105     19.255 -7.17427  52.3214       -102.873 -4.36477 -178.477
106    19.0866 -7.36967  52.3437       -102.934 -4.40893 -178.393
107    18.9408 -7.33395   52.364       -102.854 -4.39125 -178.388
108    19.6538 -6.66213  52.1131       -102.462 -4.90264 -179.151
109    20.0052 -7.35464  51.5718       -102.658 -4.37739 -179.886
110    20.0988 -7.59828  51.5189       -102.555 -4.22103 -179.992
111    20.2327 -8.12699  51.5985       -102.644 -4.01685  179.918
112    20.3231 -7.63046  51.4883       -102.477 -4.46426  179.963
113    18.8235 -7.79217  52.5218       -102.245 -3.70254 -178.519
114   18.6491 -7.3797 52.3462       -102.289 -4.15581 -178.478
115    18.7908 -7.45382  52.3587       -102.335 -4.08847 -178.481
116    18.9007 -8.03599   52.453       -102.336  -3.5921 -178.656
117    20.2367 -8.51022  51.7382       -102.512 -3.74904  179.969
118    19.9926 -8.09752  51.5966       -102.424 -3.77068 -179.932
119    20.0107 -7.64868  51.5709       -102.517 -4.15473 -179.976
120    18.6461 -7.35893   52.412       -102.797 -4.26745 -178.294
121    18.5774 -7.43497  52.2827       -102.853 -4.26903 -178.346
122    18.4424 -7.41764   52.294       -102.878 -4.36926 -178.267
123    18.4521 -7.27757  52.4453       -102.775 -4.40612 -178.242
124    18.3705 -6.75082  52.3846        -102.75 -4.36822 -178.357
125    18.4868 -6.57813  52.4697       -102.689 -4.25831  -178.31
126   19.3442  -6.109 52.3752        -102.16 -4.88376  -178.91
127    19.4976 -6.57892    52.01       -102.444 -4.25367  -179.39
128     19.559 -6.68917  52.1848       -102.399 -4.23027 -179.432
129    20.2672 -7.81356  52.6158       -102.895 -3.43716 -179.987
130      20.32 -7.06373  52.1424        -102.53  -4.2517 -179.803
131     20.159 -7.30599  52.1368       -102.592 -4.13967 -179.827
132    20.0561 -7.80876  52.0203       -102.679 -3.83588  179.989
133    20.0136 -7.80247  51.9229       -102.647 -3.82189  179.919
134   20.1896 -7.8347 52.0098       -102.641 -3.66873  179.884
135    20.1642 -7.54502  52.1472       -102.428 -3.81165 -179.926
136    19.3658 -6.75943  52.2654       -102.381 -3.65016 -179.443
137    19.2095 -6.41189   52.361       -102.459 -4.04589 -179.244
138    18.3015 -6.48432  52.9142       -102.666 -3.99348 -178.088
139    18.3282 -6.75459  52.8654       -102.668 -4.10187 -178.032
140    18.3528 -6.99066  53.0337       -102.656  -4.2303 -177.889
141    18.3567 -6.87686  53.1537       -102.477 -4.20208 -177.742
142    18.2035 -6.69922  53.1075       -102.282 -4.19545 -177.781
143   18.1116  -6.708 53.1248       -102.313 -4.20504 -177.762
144   17.9217 -6.7607 53.1296       -102.326 -4.13244 -177.734
145    17.9411 -6.82203  53.1472       -102.248 -4.14749 -177.705
146   17.8548 -6.8862 53.0813       -102.278 -4.01466 -177.894
147    18.5177 -6.41925     52.7       -102.281 -4.59273 -178.762
148    18.8589 -7.27627  52.2268       -102.855 -3.82615 -179.442
149    18.7854 -7.47916  52.3444       -102.957 -3.67593 -179.265
150     20.459 -8.59872  52.3201       -103.739 -3.33701  178.984
151     19.389 -7.56012  52.0277       -103.558  -3.9649 -179.894
152    19.3485 -7.75528  51.9325       -103.584 -3.38728  179.668
153    19.3895 -7.95983  51.8614       -103.293 -3.31072  179.668
154    19.3485 -8.10381  51.7198       -103.588 -3.19702  179.642
155    19.3589 -8.33705  51.8736       -103.758 -2.98271  179.644
156   18.1678  -8.147 52.7919       -103.611 -2.55743 -178.882
157    18.7703 -7.23816  52.0737       -103.711 -3.42739 -179.501
158    18.9288 -7.10848   52.184       -103.673 -3.77853 -179.363
159    18.0448 -7.17302  52.7618       -103.852 -3.54155   -178.3
160    18.1052 -7.24963  52.9903       -103.768 -3.80238 -178.111
161    18.1084 -6.99376  52.8208       -103.661 -3.90183  -178.13
162   18.1489 -7.1238 52.6968       -103.625  -3.9265  -178.15
163    18.1587 -7.36482  52.8321       -103.658 -3.86897 -178.015
164   19.2636 -6.7845  52.612       -102.977 -4.65949 -178.738
165    19.6586 -7.58086  52.1549       -102.785 -3.86951 -179.488
166    18.3719 -6.87647  52.9311       -102.872 -4.12034 -178.069
167    20.6149 -8.89028  52.2434       -103.029 -2.67565  179.173
168   20.0217 -7.9325  51.781       -102.503 -3.71353  179.902
169   19.7724 -8.1016  51.747        -102.86 -3.47659  179.908
170    19.6576 -8.05002   51.562       -102.797 -3.29427  179.816
171    19.6012 -8.00668   51.311       -102.862 -3.25952   179.57
172    19.3702 -8.03498  51.1411       -102.947   -3.229  179.447
173    19.4844 -7.76959  51.1392       -102.947 -3.60269  179.532
174    19.2796 -7.06612  51.4994       -102.768 -3.80382 -179.684
175    19.5572 -7.01786  51.5671       -102.871 -4.01126 -179.646
176    18.6364 -6.95863  52.4469       -103.147 -4.05636 -178.222
177    18.5957 -6.80302   52.217       -103.177 -4.08922 -178.373
178    18.3082 -6.72732  51.8977       -103.249 -4.21481 -178.513
179    18.3272 -6.82297  51.9301        -103.21 -4.21356 -178.492
180    18.5274 -6.75494  52.1174       -103.005  -4.2028 -178.356
181    18.7683 -6.71892  52.2253       -102.705 -4.16237 -178.308
182     19.622 -6.28246  52.0362       -101.997 -4.63849 -179.081
183    19.9975 -7.04759  51.5067        -102.18 -3.81724 -179.914
184    20.6408 -8.01471  51.8261       -102.618 -3.38047  179.455
185    20.4543 -7.43442  51.4308       -102.078 -4.06254  179.722
186    20.6855 -7.40799    51.48        -101.9 -3.8718 179.515
187     20.682 -7.31597    51.34       -101.696 -3.68059   179.36
188    20.4476 -7.54608  51.3612       -101.481  -3.5334  179.394
189    20.4439 -7.60503  51.5506       -101.489 -3.48626  179.567
190    20.6434 -7.59405   52.173       -101.704 -2.99585  179.908
191    20.1332 -6.49542   51.941       -101.048 -3.64114 -179.423
192    20.0498 -5.32611  52.2401       -100.736  -4.8646 -179.099
193    19.1505 -5.85905  52.3012       -100.804 -4.27461 -178.303
194    19.2546 -6.41631  52.2415        -100.75 -4.34875  -178.25
195    19.4408 -6.63366  52.2779       -100.787 -4.31588 -178.169
196    19.4736 -6.89198  52.3731       -100.607 -4.37659 -178.103
197    19.3809 -6.94693  52.5457       -100.531 -4.52349 -178.058
198    19.0561 -6.84111  52.6259       -100.156 -4.61468   -178.1
199    18.7849 -6.93896  52.5427       -100.272  -4.5286 -178.158
200    20.1547 -7.39649  51.5048       -100.217 -4.15724 -179.932
201    20.2713 -7.37119   51.483       -100.252 -4.07691  179.946
202    20.5555 -8.52702  52.0381       -100.627 -3.52055  179.447
203    20.1641 -7.76171  51.7223       -99.7531 -4.46935   179.72
204     18.783 -7.14786  52.7936       -99.2491 -4.88507 -178.541
205    18.9732 -7.52211   52.899       -99.1843 -4.82134  -178.62
206    19.1486 -7.86966  52.8522       -99.1289 -4.66153 -178.654
207    19.2616 -8.35104  52.8036       -99.0166  -4.7071 -178.761
208    19.2286 -9.00034   52.845       -98.7893  -5.1425 -178.887
209    19.7612 -8.34307  52.6508       -98.4414 -6.21617 -179.154
210    19.5875 -8.32386  52.3643        -97.075 -5.10773 -178.854
