28    16.5097 -9.01012  51.3506       -99.9229 -6.09143  179.933
29    17.1567 -8.71492  51.0902       -100.158 -5.66738 -179.673
30    17.8977 -8.34831  50.9329       -99.9482 -5.84054 -179.623
31   17.6225 -8.2498 50.9756       -98.8913 -6.40366  179.736
32    17.3082 -8.33374   51.141       -98.5223 -6.81664  178.925
33   17.0742 -9.0014  51.227       -99.3746 -7.03015  178.714
34    16.9161 -9.31243   51.399       -99.8532 -7.38923  179.056
43    21.2597 -11.2297  52.5079       -98.9592 -4.29441 -177.214
44      20.5 -10.518  52.454       -99.1501 -4.89234 -177.267
45    20.1809 -10.1146  52.4756       -99.3724 -5.01796 -177.172
46    20.2838 -9.35252  52.3951       -99.9496 -4.73906 -176.993
47    20.5266 -8.99662  52.4139       -100.159  -4.6195 -176.958
50    20.7436 -6.92191  52.4441       -100.979 -4.51085 -177.273
51    20.5571 -6.97514  52.4615       -100.908 -4.73227 -177.346
55    19.2125 -7.03008  52.1045       -100.507 -5.35641 -177.475
56    19.0593 -7.31473  52.4609       -100.678  -5.4415 -177.247
57    19.1938 -7.01831  52.5566       -100.631 -5.67015 -177.383
58    18.7036 -6.98922   52.557        -100.85 -5.59141 -177.308
62   18.9956 -7.2268 52.2938       -101.694  -4.9802 -177.583
63    19.2424 -6.71803  52.2757       -101.394 -5.03022 -177.627
64   19.1751 -6.2062 52.3471       -101.272 -5.10511  -177.68
68    19.5558 -6.62012  52.5952       -101.758 -5.07633 -177.529
69    19.6082 -6.73356   52.621       -101.954 -5.08575 -177.496
70    19.4728 -6.62908  52.6221       -102.143  -5.1636 -177.486
71    19.4185 -6.70276  52.7026       -102.246 -5.12721 -177.513
72    19.2828 -6.65661  52.6403       -102.351 -5.17021 -177.596
82   19.0496 -6.7737 52.6922       -101.817 -4.91192 -177.593
83    19.1515 -6.65407  52.7758       -101.905  -4.9849 -177.556
84     19.217 -6.70176  52.7937       -101.849 -4.85125 -177.585
85   19.0806 -6.7555 52.7497       -101.866 -4.92852 -177.572
86    18.8124 -6.75453  52.6583       -101.823 -4.93114 -177.523
87    18.8169 -6.85799  52.6924       -101.831 -4.90888  -177.48
93    19.0554 -6.72741   52.519       -101.961 -4.61099 -177.649
94    19.0277 -6.17504    52.24       -102.003 -4.46452 -177.999
95    19.0885 -5.97831  52.1088       -101.927  -4.4232 -178.207
96   19.2769 -5.8536 52.2834       -102.073 -4.31464 -178.371
97    19.3587 -5.95763  52.5186       -102.143 -4.40056 -178.259
102    18.6562 -6.36782  52.3298        -103.03  -4.3282 -178.379
103   18.6585 -6.6698 52.4533       -103.106 -4.37952 -178.223
104    18.8416 -6.69085  52.5134       -102.928 -4.60745  -177.93
105    18.6498 -6.79077  52.4562       -102.883  -4.6153 -177.755
106    18.5534 -7.04139  52.4622       -102.947 -4.62279 -177.756
107    18.4091 -7.03796  52.4863       -102.859 -4.56872 -177.762
114    18.1019 -6.99752  52.4726       -102.284 -4.42177 -177.815
115     18.257 -7.07609  52.4756       -102.335  -4.3546 -177.837
120    18.0903 -6.99265   52.541       -102.807 -4.51421 -177.623
121    18.0705 -7.06782  52.3861       -102.844 -4.52781 -177.728
122     17.893 -7.04675  52.4162       -102.883 -4.61938 -177.601
123    17.9372 -6.85176  52.5583       -102.763 -4.71771 -177.608
124    17.9573 -6.34022  52.4603        -102.74 -4.69284 -177.833
125    18.0381 -6.17417  52.5546       -102.669 -4.56521 -177.751
138    17.7957 -6.09538  52.9992       -102.645 -4.27202  -177.48
139    17.8524 -6.41041  52.9586       -102.658 -4.34117 -177.462
140   17.8687 -6.6372 53.1301       -102.643  -4.4763 -177.309
141    17.8548 -6.42784  53.2607        -102.46 -4.53892 -177.123
142    17.6507 -6.31725  53.2114       -102.279 -4.46081 -177.127
143    17.6066 -6.27572  53.2108       -102.301 -4.52952 -177.145
144    17.4985 -6.32299  53.2007       -102.312 -4.48153 -177.201
145    17.3974 -6.35542  53.2391        -102.24  -4.4965 -177.043
146    17.3424 -6.47309   53.176       -102.278 -4.32062 -177.272
159    17.5914 -6.78961  52.8507       -103.842 -3.81416 -177.734
160    17.5919 -6.88723  53.0938        -103.77  -4.0421 -177.492
161    17.5973 -6.62031  52.9196       -103.661 -4.15526 -177.508
162    17.6175 -6.74697  52.8035       -103.619 -4.17498 -177.507
163    17.6355 -6.91359  52.9405       -103.626 -4.19017 -177.365
176    18.1281 -6.50446  52.5415       -103.117 -4.39401 -177.584
177    18.0744 -6.40935  52.3143       -103.175 -4.36712 -177.735
178    17.8107 -6.32783  52.0015       -103.246 -4.50189 -177.892
179    17.8236 -6.51739  52.0456       -103.222 -4.40643 -177.885
180    18.0712 -6.29188  52.2019       -102.989 -4.56717  -177.77
181    18.2855 -6.30227  52.3205       -102.693 -4.47826 -177.706
193    18.5928 -5.49241  52.4178       -100.804 -4.53907 -177.642
194    18.7312 -6.00282  52.3458       -100.733  -4.6697 -177.619
195    18.8791 -6.22397   52.393       -100.779  -4.6272 -177.497
196    18.9122 -6.48115  52.4888       -100.597 -4.68838 -177.435
197    18.7968 -6.61269  52.6901       -100.531 -4.75473 -177.379
198    18.4669 -6.41599   52.752       -100.149 -4.94262 -177.403
199    18.2364 -6.52686  52.6517       -100.267 -4.84834 -177.506
204   18.2481 -6.9294 52.9295       -99.2685 -5.02304 -177.943
205     18.463 -7.10965  53.0124       -99.1769 -5.15819 -178.014
206     18.669 -7.46353  52.9574       -99.1187 -4.99976 -178.083
207    18.6834 -7.98964  52.9395       -99.0256 -4.98436 -178.093
208   18.6082 -8.7018 52.9919       -98.8252 -5.35905 -178.186
210    18.8125 -7.94771  52.5616       -97.1113 -5.39943 -177.973
