28 4
29 4
30 4
31 4
32 4
33 4
34 4
35 3
36 1
37 2
38 3
39 3
40 3
41 2
42 2
43 4
44 4
45 4
46 4
47 4
48 3
49 3
50 4
51 4
52 3
53 2
54 3
55 4
56 4
57 4
58 4
59 2
60 2
61 2
62 4
63 4
64 4
65 2
66 2
67 3
68 4
69 4
70 4
71 4
72 4
73 2
74 2
75 2
76 3
77 3
78 2
79 2
80 2
81 3
82 4
83 4
84 4
85 4
86 4
87 4
88 3
89 2
90 2
91 2
92 3
93 4
94 4
95 4
96 4
97 4
98 2
99 2
100 2
101 2
102 4
103 4
104 4
105 4
106 4
107 4
108 3
109 2
110 2
111 2
112 2
113 3
114 4
115 4
116 3
117 2
118 2
119 2
120 4
121 4
122 4
123 4
124 4
125 4
126 3
127 2
128 2
129 2
130 2
131 2
132 2
133 2
134 2
135 2
136 2
137 2
138 4
139 4
140 4
141 4
142 4
143 4
144 4
145 4
146 4
147 3
148 2
149 2
150 2
151 2
152 2
153 2
154 2
155 2
156 3
157 2
158 2
159 4
160 4
161 4
162 4
163 4
164 3
165 2
166 3
167 3
168 2
169 2
170 2
171 2
172 2
173 2
174 2
175 2
176 4
177 4
178 4
179 4
180 4
181 4
182 3
183 2
184 2
185 2
186 2
187 2
188 2
189 2
190 2
191 2
192 3
193 4
194 4
195 4
196 4
197 4
198 4
199 4
200 2
201 2
202 2
203 2
204 4
205 4
206 4
207 4
208 4
209 3
210 4
